aysunyang           4.00      4.00      4.00      4.00      4.00      4.00      4.00      
ayyeshiwen          4.50      4.50      4.50      4.50      4.50      4.50      4.50      
bgm_caoren          4.01      4.01      4.01      4.01      4.01      4.01      4.01      
bgm_daqiao          4.00      4.00      4.00      4.00      4.00      4.00      4.00      
bgm_diaochan        4.50      6.00      6.00      6.00      6.00      6.00      4.50      
bgm_ganning         5.00      5.00      5.00      5.00      5.00      5.00      5.00      
bgm_liubei          5.50      5.50      5.50      5.50      5.50      5.50      5.50      
bgm_lvmeng          4.00      4.00      4.00      4.00      4.00      4.00      4.00      
bgm_pangtong        4.50      5.50      5.50      5.50      5.50      5.50      4.50      
bgm_xiahoudun       5.00      5.00      5.00      5.00      5.00      5.00      5.00      
bgm_zhangfei        6.80      6.80      6.80      6.80      6.80      6.80      6.80      
bgm_zhaoyun         5.90      5.90      5.90      5.90      5.90      5.90      5.90      
bulianshi           5.50      5.50      5.50      5.50      5.50      5.50      5.50      
caiwenji            5.00      5.00      5.00      5.00      5.00      5.00      5.00      
caocao              4.00      4.00      4.00      4.00      4.00      4.00      4.00      
caohong             4.00      4.00      4.00      4.00      4.00      4.00      4.00      
caopi               6.00      5.50      5.00      5.00      5.00      5.50      6.00      
caoren              2.00      2.00      2.00      2.00      2.00      2.00      2.00      
caozhang            5.50      5.50      5.50      5.50      5.50      5.50      5.50      
caozhi              6.00      6.00      6.00      6.00      6.00      6.00      6.00      
chengong            7.00      7.00      7.00      7.00      7.00      7.00      7.00      
chengpu             5.50      5.50      5.50      5.50      5.50      5.50      5.50      
chenlin             6.50      6.50      6.50      6.50      6.50      6.50      6.50      
daqiao              4.50      4.50      4.50      4.50      4.50      4.50      4.50      
dengai              6.50      6.50      6.50      6.50      6.50      6.50      6.50      
dianwei             4.00      4.50      4.50      4.50      4.50      4.50      4.00      
diaochan            8.00      8.00      8.00      8.00      8.00      8.00      8.00      
dongzhuo            4.00      4.50      4.50      4.50      4.50      4.50      4.50      
erzhang             6.90      6.90      6.90      6.90      6.90      6.90      6.90      
fazheng             9.00      9.00      9.00      9.00      9.00      9.00      9.00      
fuhuanghou          4.50      4.50      4.50      4.50      4.50      4.50      4.50      
fuwan               4.50      4.50      4.50      4.50      4.50      4.50      4.50      
ganning             4.00      4.00      4.00      4.00      4.00      4.00      4.00      
gaoshun             7.00      7.00      7.00      7.00      7.00      7.00      7.00      
gongsunzan          2.00      2.00      2.00      2.00      2.00      2.00      2.00      
guanxingzhangbao    9.00      9.00      9.00      9.00      9.00      9.00      9.00      
guanyinping         8.50      8.50      8.50      8.50      8.50      8.50      8.50      
guanyu              5.00      5.00      5.00      5.00      5.00      5.00      5.00      
guojia              5.00      5.00      5.00      5.00      5.00      5.00      5.00      
gzdingfeng          5.00      5.50      5.50      5.50      5.50      5.50      5.00      
gzganfuren          8.50      8.50      8.50      8.50      8.50      8.50      8.50      
gzjiling            4.50      4.50      4.50      4.50      4.50      4.50      4.50      
gzkongrong          4.50      4.50      4.50      4.50      4.50      4.50      4.50      
gzluxun             4.00      4.00      4.00      4.00      4.00      4.00      4.00      
gzmateng            4.50      4.50      4.50      4.50      4.50      4.50      4.50      
gzpanfeng           4.50      4.50      4.50      4.50      4.50      4.50      4.50      
gztianfeng          4.50      4.50      4.50      4.50      4.50      4.50      4.50      
gzyuejin            5.00      5.00      5.00      5.00      5.00      5.00      5.00      
gzzoushi            4.50      4.50      4.50      4.50      4.50      4.50      4.50      
handang             4.50      4.50      4.50      4.50      4.50      4.50      4.50      
hanxiandi           5.50      5.50      5.50      5.50      5.50      5.50      5.50      
huanggai            0.00      3.00      3.00      3.00      3.00      3.00      3.00      
huangyueying        4.00      4.90      4.90      4.90      4.90      4.90      4.00      
huangzhong          6.00      6.00      6.00      6.00      6.00      6.00      6.00      
huatuo              5.50      5.50      5.50      5.50      5.50      5.50      5.50      
huaxiong            4.00      4.00      4.00      4.00      4.00      4.00      4.00      
jiangwei            9.01      9.01      9.01      9.01      9.01      9.01      9.01      
jiaxu               5.00      5.00      6.00      7.00      6.00      5.00      5.00      
jiben               4.50      4.50      4.50      4.50      4.50      4.50      4.50      
liaohua             8.00      8.00      8.00      8.00      8.00      8.00      8.00      
lingju              5.20      5.20      5.20      5.20      5.20      5.20      5.20      
lingtong            6.00      6.00      6.00      6.00      6.00      6.00      6.00      
liubei              9.00      9.00      9.00      9.00      9.00      9.00      9.00      
liubiao             4.00      4.00      4.00      4.00      4.00      4.00      4.00      
liushan             9.00      9.00      9.00      9.00      9.00      9.00      9.00      
luagongsunzan       4.00      4.00      4.00      4.00      4.00      4.00      4.00      
lualiuxie           5.20      5.20      5.20      5.20      5.20      5.20      5.20      
lusu                7.00      7.00      7.00      7.00      7.00      7.00      7.00      
luxun               3.00      3.00      3.00      3.00      3.00      3.00      3.00      
lvbu                4.00      4.00      4.00      4.00      4.00      4.00      4.00      
lvmeng              3.00      3.00      3.00      3.00      3.00      3.00      3.00      
machao              5.14      5.14      5.14      5.14      5.14      5.14      5.14      
madai               8.00      8.00      8.00      8.00      8.00      8.00      8.00      
masu                6.00      6.00      6.00      6.00      6.00      6.00      6.00      
menghuo             5.50      5.50      5.50      5.50      5.50      5.50      5.50      
mushun              4.50      4.50      4.50      4.50      4.50      4.50      4.50      
neo_caoren          4.00      4.00      4.00      4.00      4.00      4.00      4.00      
neo_gongsunzan      4.00      4.00      4.00      4.00      4.00      4.00      4.00      
neo_guanyu          5.52      5.52      5.52      5.52      5.52      5.52      5.52      
neo_xiahoudun       4.00      4.00      4.00      4.00      4.00      4.00      4.00      
neo_xuchu           4.00      4.00      4.00      4.00      4.00      4.00      4.00      
neo_zhangfei        6.50      6.50      6.50      6.50      6.50      6.50      6.50      
neo_zhaoyun         5.55      5.55      5.55      5.55      5.55      5.55      5.55      
neo_zhouyu          4.20      4.20      4.20      4.20      4.20      4.20      4.20      
nos_fazheng         9.00      9.00      9.00      9.00      9.00      9.00      9.00      
nos_lingtong        6.00      6.00      6.00      6.00      6.00      6.00      6.00      
nos_xushu           9.00      9.00      9.00      9.00      9.00      9.00      9.00      
nos_zhangchunhua    5.01      5.01      5.01      5.01      5.01      5.01      5.01      
nosfazheng          9.00      9.00      9.00      9.00      9.00      9.00      9.00      
noslingtong         6.00      6.00      6.00      6.00      6.00      6.00      6.00      
nosxushu            9.00      9.00      9.00      9.00      9.00      9.00      9.00      
noszhangchunhua     5.01      5.01      5.01      5.01      5.01      5.01      5.01      
pangde              4.50      4.50      4.50      4.50      4.50      4.50      4.50      
pangtong            8.50      8.50      8.50      8.50      8.50      8.50      8.50      
shencaocao          9.90      9.90      9.90      9.90      9.90      9.90      9.90      
shenguanyu          9.53      9.53      9.53      9.53      9.53      9.53      9.53      
shenlvbu            9.00      9.00      9.00      9.00      9.00      9.00      9.00      
shenlvmeng          7.50      7.50      7.50      7.50      7.50      7.50      7.50      
shensimayi          8.00      8.00      8.00      8.00      8.00      8.00      8.00      
shenzhaoyun         8.70      8.70      8.70      8.70      8.70      8.70      8.70      
shenzhouyu          7.00      7.00      7.00      7.00      7.00      7.00      7.00      
shenzhugeliang      8.00      8.00      8.00      8.00      8.00      8.00      8.00      
simayi              3.00      3.00      3.00      3.00      3.00      3.00      3.00      
simazhao            5.00      5.00      5.00      5.00      5.00      5.00      5.00      
sp_guanyu           4.00      4.00      4.00      4.00      4.00      4.00      4.00      
sunce               4.00      4.00      4.00      4.00      4.00      4.00      4.00      
sunjian             4.50      4.50      4.50      4.50      4.50      4.50      4.50      
sunquan             7.00      7.00      7.00      7.00      7.00      7.00      7.00      
sunshangxiang       7.40      8.20      8.20      8.20      8.20      8.20      7.40      
taishici            7.00      7.00      7.00      7.00      7.00      7.00      7.00      
wangyi              6.00      6.00      6.00      6.00      6.00      6.00      6.00      
wangyuanji          4.50      4.50      4.50      4.50      4.50      4.50      4.50      
weiyan              5.90      6.10      6.40      6.90      6.40      6.10      5.90      
wolong              8.50      8.50      8.50      8.50      8.50      8.50      8.50      
wuguotai            6.00      6.00      6.00      6.00      6.00      6.00      6.00      
xiahoudun           3.00      3.00      3.00      3.00      3.00      3.00      3.00      
xiahouyuan          5.30      5.30      5.30      5.30      5.30      5.30      5.30      
xiaoqiao            4.00      4.00      4.00      4.00      4.00      4.00      4.00      
xuchu               3.00      3.00      3.00      3.00      3.00      3.00      3.00      
xuhuang             4.60      4.70      5.00      5.50      5.00      4.70      4.00      
xunyou              5.00      5.00      5.00      5.00      5.00      5.00      5.00      
xunyu               7.00      7.00      7.00      7.00      7.00      7.00      7.00      
xusheng             6.50      6.50      6.50      6.50      6.50      6.50      6.50      
xushu               6.60      6.60      6.60      6.60      6.60      6.60      6.60      
yangxiu             4.00      4.00      4.00      4.00      4.00      4.00      4.00      
yanliangwenchou     6.00      6.00      6.00      6.00      6.00      6.00      6.00      
yuanshao            6.00      6.00      6.00      6.00      6.00      6.00      6.00      
yuanshu             8.90      8.90      8.90      8.90      8.90      8.90      8.90      
yuji                4.10      4.10      4.10      4.10      4.10      4.10      4.10      
yujin               3.00      3.00      3.00      3.00      3.00      3.00      3.00      
zhangchunhua        5.00      5.00      5.00      5.00      5.00      5.00      5.00      
zhangfei            5.90      5.90      5.90      5.90      5.90      5.90      5.90      
zhanghe             7.00      7.00      7.00      7.00      7.00      7.00      7.00      
zhangjiao           4.00      4.00      4.00      4.00      4.00      4.00      4.00      
zhangliao           5.11      5.11      5.11      5.11      5.11      5.11      5.11      
zhaoyun             5.04      5.04      5.04      5.04      5.04      5.04      5.04      
zhenji              4.50      4.50      4.50      4.50      4.50      4.50      4.50      
zhonghui            5.50      5.50      5.50      5.50      5.50      5.50      5.50      
zhoutai             3.00      3.00      3.00      3.00      3.00      3.00      3.00      
zhouyu              4.10      4.10      4.10      4.10      4.10      4.10      4.10      
zhugejin            4.00      4.00      4.00      4.00      4.00      4.00      4.00      
zhugeliang          5.05      5.05      5.05      5.05      5.05      5.05      5.05      
zhurong             7.90      7.90      7.90      7.90      7.90      7.90      7.90      
zuoci               6.50      6.50      6.50      6.50      6.50      6.50      6.50      
