aysunyang           5.50      5.50      5.50      5.50      5.50      5.50      5.50      
ayyeshiwen          5.50      5.50      5.50      5.50      5.50      5.50      5.50      
bgm_caoren          4.00      4.00      4.00      4.00      4.00      4.00      4.00      
bgm_daqiao          5.50      5.50      5.50      5.50      5.50      5.50      5.50      
bgm_diaochan        6.50      6.50      6.50      6.50      6.50      6.50      6.50      
bgm_ganning         6.50      6.50      6.50      6.50      6.50      6.50      6.50      
bgm_liubei          0.00      0.00      0.00      0.00      0.00      0.00      0.00      
bgm_lvmeng          6.00      6.00      6.00      6.00      6.00      6.00      6.00      
bgm_pangtong        4.00      5.50      6.50      6.50      6.50      5.50      4.00      
bgm_xiahoudun       5.50      5.50      5.50      5.50      5.50      5.50      5.50      
bgm_zhangfei        0.00      0.00      0.00      0.00      0.00      0.00      0.00      
bgm_zhaoyun         7.90      7.90      7.90      7.90      7.90      7.90      7.90      
bulianshi           7.50      7.50      7.50      7.50      7.50      7.50      7.50      
caiwenji            8.00      8.00      8.00      8.00      8.00      8.00      8.00      
caocao              4.00      4.00      4.00      4.00      4.00      4.00      4.00      
caohong             5.00      5.00      5.00      5.00      5.00      5.00      5.00      
caopi               6.00      6.00      6.00      6.00      6.00      6.00      6.00      
caoren              2.00      2.00      2.00      2.00      2.00      2.00      2.00      
caozhang            5.70      5.70      5.70      5.70      5.70      5.70      5.70      
caozhi              7.50      7.50      7.50      7.50      7.50      7.50      7.50      
chengong            7.50      7.50      7.50      7.50      7.50      7.50      7.50      
chengpu             6.50      6.50      6.50      6.50      6.50      6.50      6.50      
chenlin             8.50      8.50      8.50      8.50      8.50      8.50      8.50      
daqiao              6.50      6.50      6.50      6.50      6.50      6.50      6.50      
dengai              7.80      7.80      7.80      7.80      7.80      7.80      7.80      
dianwei             4.00      4.00      4.00      4.00      4.00      4.00      4.00      
diaochan            7.50      7.50      7.50      7.50      7.50      7.50      7.50      
dongzhuo            7.50      6.50      5.50      5.50      5.50      6.50      7.50      
erzhang             8.00      8.00      8.00      8.00      8.00      8.00      8.00      
fazheng             0.00      0.00      0.00      0.00      0.00      0.00      0.00      
fuhuanghou          5.50      5.50      5.50      5.50      5.50      5.50      5.50      
fuwan               5.50      5.50      5.50      5.50      5.50      5.50      5.50      
ganning             4.00      4.00      4.00      4.00      4.00      4.00      4.00      
gaoshun             7.50      7.50      7.50      7.50      7.50      7.50      7.50      
gongsunzan          2.00      2.00      2.00      2.00      2.00      2.00      2.00      
guanxingzhangbao    0.00      0.00      0.00      0.00      0.00      0.00      0.00      
guanyinping         0.00      0.00      0.00      0.00      0.00      0.00      0.00      
guanyu              0.00      0.00      0.00      0.00      0.00      0.00      0.00      
guojia              5.55      5.55      5.55      5.55      5.55      5.55      5.55      
handang             5.50      5.50      5.50      5.50      5.50      5.50      5.50      
hanxiandi           6.50      6.50      6.50      6.50      6.50      6.50      6.50      
huanggai            0.00      0.00      0.00      0.00      0.00      0.00      0.00      
huangyueying        0.00      0.00      0.00      0.00      0.00      0.00      0.00      
huangzhong          0.00      0.00      0.00      0.00      0.00      0.00      0.00      
huatuo              7.00      7.00      7.00      7.00      7.00      7.00      7.00      
huaxiong            4.00      4.00      4.00      4.00      4.00      4.00      4.00      
jiangwei            0.00      0.00      0.00      0.00      0.00      0.00      0.00      
jiaxu               4.00      6.50      6.50      6.50      6.50      6.50      4.00      
jiben               5.50      5.50      5.50      5.50      5.50      5.50      5.50      
liaohua             0.00      0.00      0.00      0.00      0.00      0.00      0.00      
lingju              5.20      5.20      5.20      5.20      5.20      5.20      5.20      
lingtong            7.00      7.00      7.00      7.00      7.00      7.00      7.00      
liubei              0.00      0.00      0.00      0.00      0.00      0.00      0.00      
liubiao             4.00      4.00      4.00      4.00      4.00      4.00      4.00      
liushan             0.00      0.00      0.00      0.00      0.00      0.00      0.00      
luagongsunzan       4.00      4.00      4.00      4.00      4.00      4.00      4.00      
lualiuxie           7.50      7.50      7.50      7.50      7.50      7.50      7.50      
lusu                8.00      8.00      8.00      8.00      8.00      8.00      8.00      
luxun               3.00      3.00      3.00      3.00      3.00      3.00      3.00      
lvbu                4.50      4.50      4.50      4.50      4.50      4.50      4.50      
lvmeng              4.10      4.10      4.10      4.10      4.10      4.10      4.10      
machao              0.00      0.00      0.00      0.00      0.00      0.00      0.00      
madai               0.00      0.00      0.00      0.00      0.00      0.00      0.00      
masu                0.00      0.00      0.00      0.00      0.00      0.00      0.00      
menghuo             0.00      0.00      0.00      0.00      0.00      0.00      0.00      
mushun              5.00      5.00      5.00      5.00      5.00      5.00      5.00      
neo_caoren          4.00      4.00      4.00      4.00      4.00      4.00      4.00      
neo_gongsunzan      4.00      4.00      4.00      4.00      4.00      4.00      4.00      
neo_guanyu          0.00      0.00      0.00      0.00      0.00      0.00      0.00      
neo_xiahoudun       4.00      4.00      4.00      4.00      4.00      4.00      4.00      
neo_xuchu           4.00      4.00      4.00      4.00      4.00      4.00      4.00      
neo_zhangfei        0.00      0.00      0.00      0.00      0.00      0.00      0.00      
neo_zhaoyun         0.00      0.00      0.00      0.00      0.00      0.00      0.00      
neo_zhouyu          4.20      4.20      4.20      4.20      4.20      4.20      4.20      
nos_fazheng         0.00      0.00      0.00      0.00      0.00      0.00      0.00      
nos_lingtong        6.50      6.50      6.50      6.50      6.50      6.50      6.50      
nos_guanxingzhangbao 0.00      0.00      0.00      0.00      0.00      0.00      0.00      
nos_madai           0.00      0.00      0.00      0.00      0.00      0.00      0.00      
vs_zhaoyun          0.00      0.00      0.00      0.00      0.00      0.00      0.00      
vs_guanyu           0.00      0.00      0.00      0.00      0.00      0.00      0.00      
nos_xushu           0.00      0.00      0.00      0.00      0.00      0.00      0.00      
nos_zhangchunhua    9.01      9.01      9.01      9.01      9.01      9.01      9.01     
pangde              5.50      5.50      5.50      5.50      5.50      5.50      5.50      
pangtong            0.00      0.00      0.00      0.00      0.00      0.00      0.00      
shencaocao          9.90      9.90      9.90      9.90      9.90      9.90      9.90      
shenguanyu          7.50      7.50      7.50      7.50      7.50      7.50      7.50      
shenlvbu            7.50      7.50      7.50      7.50      7.50      7.50      7.50      
shenlvmeng          7.50      7.50      7.50      7.50      7.50      7.50      7.50      
shensimayi          7.50      7.50      7.50      7.50      7.50      7.50      7.50      
shenzhaoyun         7.50      7.50      7.50      7.50      7.50      7.50      7.50      
shenzhouyu          7.50      7.50      7.50      7.50      7.50      7.50      7.50      
shenzhugeliang      7.50      7.50      7.50      7.50      7.50      7.50      7.50      
simayi              3.00      3.00      3.00      3.00      3.00      3.00      3.00      
simazhao            5.50      5.50      5.50      5.50      5.50      5.50      5.50      
sp_guanyu           4.00      4.00      4.00      4.00      4.00      4.00      4.00      
sunce               5.50      5.50      5.50      5.50      5.50      5.50      5.50      
sunjian             6.00      6.00      6.00      6.00      6.00      6.00      6.00      
sunquan             8.00      7.50      7.00      7.00      7.00      7.50      8.00      
sunshangxiang       6.00      6.00      6.00      6.00      6.00      6.00      6.00      
taishici            7.50      7.50      7.50      7.50      7.50      7.50      7.50      
wangyi              6.00      6.00      6.00      6.00      6.00      6.00      6.00      
wangyuanji          5.50      5.50      5.50      5.50      5.50      5.50      5.50      
weiyan              0.00      0.00      0.00      0.00      0.00      0.00      0.00      
wolong              0.00      0.00      0.00      0.00      0.00      0.00      0.00      
wuguotai            7.00      7.00      7.00      7.00      7.00      7.00      7.00
xiahouba            0.00      0.00      0.00      0.00      0.00      0.00      0.00      
xiahoudun           3.00      3.00      3.00      3.00      3.00      3.00      3.00      
xiahouyuan          5.50      5.50      5.50      5.50      5.50      5.50      5.50      
xiaoqiao            4.50      4.50      4.50      4.50      4.50      4.50      4.50      
xuchu               3.00      3.00      3.00      3.00      3.00      3.00      3.00      
xuhuang             6.00      6.00      6.00      6.00      6.00      6.00      6.00      
xunyou              5.50      5.50      5.50      5.50      5.50      5.50      5.50      
xunyu               7.50      7.50      7.50      7.50      7.50      7.50      7.50      
xusheng             7.50      7.50      7.50      7.50      7.50      7.50      7.50      
xushu               0.00      0.00      0.00      0.00      0.00      0.00      0.00      
yangxiu             5.00      5.00      5.00      5.00      5.00      5.00      5.00      
yanliangwenchou     6.50      6.50      6.50      6.50      6.50      6.50      6.50      
yuanshao            6.00      6.00      6.00      6.00      6.00      6.00      6.00      
yuanshu             9.00      9.00      9.00      9.00      9.00      9.00      9.00      
yuji                4.50      4.50      4.50      4.50      4.50      4.50      4.50      
yujin               4.00      4.00      4.00      4.00      4.00      4.00      4.00      
zhangchunhua        9.00      9.00      9.00      9.00      9.00      9.00      9.00      
zhangfei            0.00      0.00      0.00      0.00      0.00      0.00      0.00      
zhanghe             8.00      8.00      8.00      8.00      8.00      8.00      8.00      
zhangjiao           4.50      4.50      4.50      4.50      4.50      4.50      4.50      
zhangliao           6.50      6.50      6.50      6.50      6.50      6.50      6.50      
zhaoyun             0.00      0.00      0.00      0.00      0.00      0.00      0.00      
zhenji              5.50      5.50      5.50      5.50      5.50      5.50      5.50      
zhonghui            7.00      7.00      7.00      7.00      7.00      7.00      7.00      
zhoutai             3.00      3.00      3.00      3.00      3.00      3.00      3.00      
zhouyu              4.50      4.50      4.50      4.50      4.50      4.50      4.50      
zhugejin            4.50      4.50      4.50      4.50      4.50      4.50      4.50      
zhugeliang          0.00      0.00      0.00      0.00      0.00      0.00      0.00      
zhurong             0.00      0.00      0.00      0.00      0.00      0.00      0.00      
zuoci               5.00      5.00      5.00      5.00      5.00      5.00      5.00
yuejin		    5.50      5.50      5.50      5.50      5.50      5.50      5.50
ganfuren	    0.00      0.00      0.00      0.00      0.00      0.00      0.00
kongrong     	    6.00      5.50      5.50      5.50      5.50      5.50      6.00
diy_simazhao	    5.50      5.50      5.50      5.50      5.50      5.50      5.50
diy_wangyuanji	    5.50      5.50      5.50      5.50      5.50      5.50      5.50
diy_gongsunzan	    5.50      5.00      5.00      5.00      5.00      5.00      5.50
weiwudi     	    6.00      6.00      6.00      6.00      6.00      6.00      6.00
caochong     	    6.00      5.50      5.21      5.21      5.21      5.50      6.00
zhangjunyi     	    5.50      5.50      5.00      5.00      5.00      5.00      5.00
xiahoujuan     	    1.00      3.00      4.00      5.00      5.50      5.50      4.00
luboyan     	    5.50      5.00      5.00      5.00      5.00      5.00      5.50
jiawenhe     	    5.00      3.00      3.00      1.50      3.00      3.00      5.00
guzhielai     	    5.50      5.00      5.00      5.00      5.00      5.00      5.50
zhanggongqi	    6.43      6.63      7.92      8.41      7.86      7.58      7.43
jiangboyue	    0.00      0.00      0.00      0.00      0.00      0.00      0.00
panglingming	    6.00      5.50      5.00      4.50      5.00      5.00      5.50
wis_jiangwei	    0.00      0.00      0.00      0.00      0.00      0.00      0.00
wis_jiangwan	    0.00      0.00      0.00      0.00      0.00      0.00      0.00
wis_shuijing	    1.00      3.00      4.00      6.50      6.00      4.50      3.50     
