aysunyang           4.00      4.00      4.00      4.00      4.00      4.00      4.00      
ayyeshiwen          4.50      4.50      4.50      4.50      4.50      4.50      4.50      
bgm_caoren          4.01      4.01      4.01      4.01      4.01      4.01      4.01      
bgm_daqiao          4.00      4.00      4.00      4.00      4.00      4.00      4.00      
bgm_diaochan        5.50      6.00      6.00      6.00      6.00      6.00      5.50      
bgm_ganning         5.00      5.00      5.00      5.00      5.00      5.00      5.00      
bgm_liubei          0.00      0.00      0.00      0.00      0.00      0.00      0.00      
bgm_lvmeng          6.00      6.00      6.00      6.00      6.00      6.00      6.00      
bgm_pangtong        5.50      5.50      6.50      6.50      6.50      5.50      5.50      
bgm_xiahoudun       5.00      5.00      5.00      5.00      5.00      5.00      5.00      
bgm_zhangfei        0.00      0.00      0.00      0.00      0.00      0.00      0.00      
bgm_zhaoyun         6.90      6.90      6.90      6.90      6.90      6.90      6.90      
bulianshi           5.50      5.50      5.50      5.50      5.50      5.50      5.50      
caiwenji            5.00      5.00      5.00      5.00      5.00      5.00      5.00      
caocao              4.00      4.00      4.00      4.00      4.00      4.00      4.00      
caohong             4.00      4.00      4.00      4.00      4.00      4.00      4.00      
caopi               6.00      5.50      5.00      5.00      5.00      5.50      6.00      
caoren              2.00      2.00      2.00      2.00      2.00      2.00      2.00      
caozhang            5.50      5.50      5.50      5.50      5.50      5.50      5.50      
caozhi              7.50      7.50      7.50      7.50      7.50      7.50      7.50      
chengong            7.00      7.00      7.00      7.00      7.00      7.00      7.00      
chengpu             6.50      6.50      6.50      6.50      6.50      6.50      6.50      
chenlin             6.50      6.50      6.50      6.50      6.50      6.50      6.50      
daqiao              4.50      4.50      4.50      4.50      4.50      4.50      4.50      
dengai              7.50      7.50      7.50      7.50      7.50      7.50      7.50      
dianwei             4.00      4.00      4.00      4.00      4.00      4.00      4.00      
diaochan            7.00      7.00      7.00      7.00      7.00      7.00      7.00      
dongzhuo            4.00      4.50      4.50      4.50      4.50      4.50      4.50      
erzhang             6.90      6.90      6.90      6.90      6.90      6.90      6.90      
fazheng             0.00      0.00      0.00      0.00      0.00      0.00      0.00      
fuhuanghou          4.50      4.50      4.50      4.50      4.50      4.50      4.50      
fuwan               4.50      4.50      4.50      4.50      4.50      4.50      4.50      
ganning             4.00      4.00      4.00      4.00      4.00      4.00      4.00      
gaoshun             7.00      7.00      7.00      7.00      7.00      7.00      7.00      
gongsunzan          2.00      2.00      2.00      2.00      2.00      2.00      2.00      
guanxingzhangbao    0.00      0.00      0.00      0.00      0.00      0.00      0.00      
guanyinping         0.00      0.00      0.00      0.00      0.00      0.00      0.00      
guanyu              0.00      0.00      0.00      0.00      0.00      0.00      0.00      
guojia              5.50      5.50      5.50      5.50      5.50      5.50      5.50     
handang             4.50      4.50      4.50      4.50      4.50      4.50      4.50      
hanxiandi           5.50      5.50      5.50      5.50      5.50      5.50      5.50      
huanggai            0.00      0.00      0.00      0.00      0.00      0.00      0.00      
huangyueying        0.00      0.00      0.00      0.00      0.00      0.00      0.00      
huangzhong          0.00      0.00      0.00      0.00      0.00      0.00      0.00      
huatuo              5.10      5.10      5.10      5.10      5.10      5.10      5.10      
huaxiong            4.00      4.00      4.00      4.00      4.00      4.00      4.00      
jiangwei            0.00      0.00      0.00      0.00      0.00      0.00      0.00      
jiaxu               6.00      6.50      7.50      7.60      7.50      6.50      6.00      
jiben               4.50      4.50      4.50      4.50      4.50      4.50      4.50      
liaohua             0.00      0.00      0.00      0.00      0.00      0.00      0.00      
lingju              7.20      7.20      7.20      7.20      7.20      7.20      7.20      
lingtong            6.00      6.00      6.00      6.00      6.00      6.00      6.00      
liubei              0.00      0.00      0.00      0.00      0.00      0.00      0.00      
liubiao             4.00      4.00      4.00      4.00      4.00      4.00      4.00      
liushan             0.00      0.00      0.00      0.00      0.00      0.00      0.00      
luagongsunzan       4.00      4.00      4.00      4.00      4.00      4.00      4.00      
lualiuxie           5.20      5.20      5.20      5.20      5.20      5.20      5.20      
lusu                6.50      6.50      6.50      6.50      6.50      6.50      6.50      
luxun               3.00      3.00      3.00      3.00      3.00      3.00      3.00      
lvbu                4.00      4.00      4.00      4.00      4.00      4.00      4.00      
lvmeng              4.10      4.10      4.10      4.10      4.10      4.10      4.10      
machao              0.00      0.00      0.00      0.00      0.00      0.00      0.00      
madai               0.00      0.00      0.00      0.00      0.00      0.00      0.00      
masu                0.00      0.00      0.00      0.00      0.00      0.00      0.00      
menghuo             0.00      0.00      0.00      0.00      0.00      0.00      0.00      
mushun              4.50      4.50      4.50      4.50      4.50      4.50      4.50      
neo_caoren          4.00      4.00      4.00      4.00      4.00      4.00      4.00      
neo_gongsunzan      4.00      4.00      4.00      4.00      4.00      4.00      4.00      
neo_guanyu          0.00      0.00      0.00      0.00      0.00      0.00      0.00      
neo_xiahoudun       4.00      4.00      4.00      4.00      4.00      4.00      4.00      
neo_xuchu           4.00      4.00      4.00      4.00      4.00      4.00      4.00      
neo_zhangfei        0.00      0.00      0.00      0.00      0.00      0.00      0.00      
neo_zhaoyun         0.00      0.00      0.00      0.00      0.00      0.00      0.00      
neo_zhouyu          4.20      4.20      4.20      4.20      4.20      4.20      4.20      
nos_fazheng         0.00      0.00      0.00      0.00      0.00      0.00      0.00      
nos_lingtong        6.00      6.00      6.00      6.00      6.00      6.00      6.00      
nos_guanxingzhangbao 0.00      0.00      0.00      0.00      0.00      0.00      0.00      
nos_madai           0.00      0.00      0.00      0.00      0.00      0.00      0.00      
vs_zhaoyun          0.00      0.00      0.00      0.00      0.00      0.00      0.00      
vs_guanyu           0.00      0.00      0.00      0.00      0.00      0.00      0.00      
nos_xushu           0.00      0.00      0.00      0.00      0.00      0.00      0.00      
nos_zhangchunhua    5.01      5.01      5.01      5.01      5.01      5.01      5.01      
nosfazheng          9.00      9.00      9.00      9.00      9.00      9.00      9.00      
noslingtong         6.00      6.00      6.00      6.00      6.00      6.00      6.00      
nosxushu            3.00      3.00      3.00      3.00      3.00      3.00      3.00      
noszhangchunhua     5.01      5.01      5.01      5.01      5.01      5.01      5.01      
pangde              4.50      4.50      4.50      4.50      4.50      4.50      4.50      
pangtong            0.00      0.00      0.00      0.00      0.00      0.00      0.00      
shencaocao          9.90      9.90      9.90      9.90      9.90      9.90      9.90      
shenguanyu          3.00      3.00      3.00      3.00      3.00      3.00      3.00      
shenlvbu            9.00      9.00      9.00      9.00      9.00      9.00      9.00      
shenlvmeng          7.50      7.50      7.50      7.50      7.50      7.50      7.50      
shensimayi          9.00      9.00      9.00      9.00      9.00      9.00      9.00      
shenzhaoyun         8.00      8.00      8.00      8.00      8.00      8.00      8.00      
shenzhouyu          7.00      7.00      7.00      7.00      7.00      7.00      7.00      
shenzhugeliang      8.00      8.00      8.00      8.00      8.00      8.00      8.00      
simayi              3.00      3.00      3.00      3.00      3.00      3.00      3.00      
simazhao            5.00      5.00      5.00      5.00      5.00      5.00      5.00      
sp_guanyu           4.00      4.00      4.00      4.00      4.00      4.00      4.00      
sunce               4.00      4.00      4.00      4.00      4.00      4.00      4.00      
sunjian             4.50      4.50      4.50      4.50      4.50      4.50      4.50      
sunquan             7.50      7.50      7.50      7.50      7.50      7.50      7.50      
sunshangxiang       7.00      7.00      7.00      7.00      7.00      7.00      7.00      
taishici            7.00      7.00      7.00      7.00      7.00      7.00      7.00      
wangyi              6.00      6.00      6.00      6.00      6.00      6.00      6.00      
wangyuanji          4.50      4.50      4.50      4.50      4.50      4.50      4.50      
weiyan              0.00      0.00      0.00      0.00      0.00      0.00      0.00      
wolong              0.00      0.00      0.00      0.00      0.00      0.00      0.00      
wuguotai            6.00      6.00      6.00      6.00      6.00      6.00      6.00
xiahouba            0.00      0.00      0.00      0.00      0.00      0.00      0.00      
xiahoudun           3.00      3.00      3.00      3.00      3.00      3.00      3.00      
xiahouyuan          5.00      5.00      5.00      5.00      5.00      5.00      5.00      
xiaoqiao            4.00      4.00      4.00      4.00      4.00      4.00      4.00      
xuchu               3.00      3.00      3.00      3.00      3.00      3.00      3.00      
xuhuang             4.60      4.70      5.00      5.50      5.00      4.70      4.00      
xunyou              5.00      5.00      5.00      5.00      5.00      5.00      5.00      
xunyu               7.00      7.00      7.00      7.00      7.00      7.00      7.00      
xusheng             6.50      6.50      6.50      6.50      6.50      6.50      6.50      
xushu               0.00      0.00      0.00      0.00      0.00      0.00      0.00      
yangxiu             4.00      4.00      4.00      4.00      4.00      4.00      4.00      
yanliangwenchou     6.00      6.00      6.00      6.00      6.00      6.00      6.00      
yuanshao            6.00      6.00      6.00      6.00      6.00      6.00      6.00      
yuanshu             9.00      9.00      9.00      9.00      9.00      9.00      9.00      
yuji                4.10      4.10      4.10      4.10      4.10      4.10      4.10      
yujin               6.00      6.00      6.00      6.00      6.00      6.00      6.00      
zhangchunhua        5.00      5.00      5.00      5.00      5.00      5.00      5.00      
zhangfei            0.00      0.00      0.00      0.00      0.00      0.00      0.00      
zhanghe             7.00      7.00      7.00      7.00      7.00      7.00      7.00      
zhangjiao           4.00      4.00      4.00      4.00      4.00      4.00      4.00      
zhangliao           5.11      5.11      5.11      5.11      5.11      5.11      5.11      
zhaoyun             0.00      0.00      0.00      0.00      0.00      0.00      0.00      
zhenji              4.50      4.50      4.50      4.50      4.50      4.50      4.50      
zhonghui            6.50      6.50      6.50      6.50      6.50      6.50      6.50      
zhoutai             3.00      3.00      3.00      3.00      3.00      3.00      3.00      
zhouyu              4.10      4.10      4.10      4.10      4.10      4.10      4.10      
zhugejin            4.00      4.00      4.00      4.00      4.00      4.00      4.00      
zhugeliang          0.00      0.00      0.00      0.00      0.00      0.00      0.00      
zhurong             0.00      0.00      0.00      0.00      0.00      0.00      0.00      
zuoci               8.50      8.50      8.50      8.50      8.50      8.50      8.50
ganfuren	    0.00      0.00      0.00      0.00      0.00      0.00      0.00
kongrong     	    1.00      1.00      1.00      1.00      1.00      1.00      1.00
diy_simazhao	    5.50      5.50      5.50      5.50      5.50      5.50      5.50
diy_wangyuanji	    5.50      5.50      5.50      5.50      5.50      5.50      5.50
diy_gongsunzan	    5.50      5.50      5.50      5.50      5.50      5.50      5.50
weiwudi     	    5.50      5.50      5.50      5.50      5.50      5.50      5.50
caochong     	    5.50      5.50      5.50      5.50      5.50      5.50      5.50
xiahoujuan     	    0.00      0.00      0.00      0.00      0.00      0.00      0.00
jiawenhe     	    1.43      1.83      1.54      1.86      1.53      1.72      1.49
zhanggongqi	    5.00      5.50      5.50      5.50      5.50      5.50      5.00
jiangboyue	    0.00      0.00      0.00      0.00      0.00      0.00      0.00
panglingming	    2.08      4.10      4.10      4.10      4.10      4.10      2.38
wis_jiangwei	    0.00      0.00      0.00      0.00      0.00      0.00      0.00
wis_jiangwan	    0.00      0.00      0.00      0.00      0.00      0.00      0.00
wis_shuijing	    0.00      0.00      0.00      0.00      0.00      0.00      0.00