aysunyang           4.00      4.00      4.00      4.00      4.00      4.00      4.00      
ayyeshiwen          6.00      6.00      6.00      6.00      6.00      6.00      6.00      
bgm_caoren          0.00      0.00      0.00      0.00      0.00      0.00      0.00      
bgm_daqiao          4.00      4.00      4.00      4.00      4.00      4.00      4.00      
bgm_diaochan        9.00      9.00      9.00      9.00      9.00      9.00      9.00      
bgm_ganning         5.00      5.00      5.00      5.00      5.00      5.00      5.00      
bgm_liubei          3.00      4.10      4.70      5.10      4.70      4.10      3.00      
bgm_lvmeng          4.00      4.00      4.00      4.00      4.00      4.00      4.00      
bgm_pangtong        6.50      6.50      6.50      6.50      6.50      6.50      6.50      
bgm_xiahoudun       5.00      5.00      5.00      5.00      5.00      5.00      5.00      
bgm_zhangfei        7.50      7.50      7.50      7.50      7.50      7.50      7.50      
bgm_zhaoyun         8.00      8.00      8.00      8.00      8.00      8.00      8.00      
bulianshi           2.00      2.00      2.00      2.00      2.00      2.00      2.00      
caiwenji            0.00      0.00      0.00      0.00      0.00      0.00      0.00      
caocao              4.00      4.00      4.00      4.00      4.00      4.00      4.00      
caohong             4.00      4.00      4.00      4.00      4.00      4.00      4.00      
caopi               7.00      7.00      7.00      7.00      7.00      7.00      7.00      
caoren              0.00      0.00      0.00      0.00      0.00      0.00      0.00      
caozhang            7.00      7.00      7.00      7.00      7.00      7.00      7.00      
caozhi              8.00      9.00      9.00      9.00      9.00      9.00      8.00      
chengong            9.00      9.00      9.00      9.00      9.00      9.00      9.00      
chengpu             7.00      7.00      7.00      7.00      7.00      7.00      7.00      
chenlin             6.00      6.00      6.00      6.00      6.00      6.00      6.00      
daqiao              0.00      0.00      0.00      0.00      0.00      0.00      0.00      
dengai              6.00      6.00      6.00      6.00      6.00      6.00      6.00      
dianwei             7.00      9.00      9.00      9.00      9.00      9.00      7.00      
diaochan            9.00      9.00      9.00      9.00      9.00      9.00      9.00      
dongzhuo            4.00      4.00      4.00      4.00      4.00      4.00      4.00      
erzhang             5.90      5.90      5.90      5.90      5.90      5.90      5.90      
fazheng             6.50      6.50      6.50      6.50      6.50      6.50      6.50      
fuhuanghou          7.50      7.50      7.50      7.50      7.50      7.50      7.50      
fuwan               7.50      7.50      7.50      7.50      7.50      7.50      7.50      
ganning             4.00      4.00      4.00      4.00      4.00      4.00      4.00      
gaoshun             8.00      8.00      8.00      8.00      8.00      8.00      8.00      
gongsunzan          2.00      2.00      2.00      2.00      2.00      2.00      2.00      
guanxingzhangbao    9.00      9.00      9.00      9.00      9.00      9.00      9.00      
guanyinping         6.00      6.00      6.00      6.00      6.00      6.00      6.00      
guanyu              4.00      4.00      4.00      4.00      4.00      4.00      4.00      
guojia              0.00      0.00      0.00      0.00      0.00      0.00      0.00      
gzdingfeng          7.50      7.50      7.50      7.50      7.50      7.50      7.50      
gzganfuren          3.00      3.00      3.00      3.00      3.00      3.00      3.00      
gzjiling            6.00      6.00      6.00      6.00      6.00      6.00      6.00      
gzkongrong          3.00      3.00      3.00      3.00      3.00      3.00      3.00      
gzluxun             3.00      3.00      3.00      3.00      3.00      3.00      3.00      
gzmateng            3.00      3.00      3.00      3.00      3.00      3.00      3.00      
gzpanfeng           4.00      4.00      4.00      4.00      4.00      4.00      4.00      
gztianfeng          3.00      3.00      3.00      3.00      3.00      3.00      3.00      
gzyuejin            6.00      6.00      6.00      6.00      6.00      6.00      6.00      
gzzoushi            4.00      4.00      4.00      4.00      4.00      4.00      4.00      
handang             4.00      4.00      4.00      4.00      4.00      4.00      4.00      
hanxiandi           7.50      7.50      7.50      7.50      7.50      7.50      7.50      
huanggai            0.00      0.00      0.00      0.00      0.00      0.00      0.00      
huangyueying        4.00      4.00      4.00      4.00      4.00      4.00      4.00      
huangzhong          4.00      4.00      4.00      4.00      4.00      4.00      4.00      
huatuo              0.00      0.00      0.00      0.00      0.00      0.00      0.00      
huaxiong            4.00      4.00      4.00      4.00      4.00      4.00      4.00      
jiangwei            4.01      4.01      4.01      4.01      4.01      4.01      4.01      
jiaxu               0.00      0.00      0.00      0.00      0.00      0.00      0.00      
jiben               4.50      4.50      4.50      4.50      4.50      4.50      4.50      
liaohua             7.00      7.00      7.00      7.00      7.00      7.00      7.00      
lingju              6.50      6.50      6.50      6.50      6.50      6.50      6.50      
lingtong            0.00      0.00      0.00      0.00      0.00      0.00      0.00      
liubei              0.00      0.00      0.00      0.00      0.00      0.00      0.00      
liubiao             4.00      4.00      4.00      4.00      4.00      4.00      4.00      
liushan             4.00      4.00      4.00      4.00      4.00      4.00      4.00      
luagongsunzan       4.00      4.00      4.00      4.00      4.00      4.00      4.00      
lualiuxie           5.00      5.00      5.00      5.00      5.00      5.00      5.00      
lusu                7.00      7.00      7.00      7.00      7.00      7.00      7.00      
luxun               3.00      3.00      3.00      3.00      3.00      3.00      3.00      
lvbu                4.00      4.00      4.00      4.00      4.00      4.00      4.00      
lvmeng              2.43      3.56      3.56      3.56      3.72      3.70      3.14      
machao              4.04      4.13      4.56      4.56      4.72      4.24      4.14      
madai               4.00      4.00      4.00      4.00      4.00      4.00      4.00      
masu                4.00      4.00      4.00      4.00      4.00      4.00      4.00      
menghuo             4.00      4.00      4.00      4.00      4.00      4.00      4.00      
mushun              5.00      5.00      5.00      5.00      5.00      5.00      5.00      
neo_caoren          0.00      0.00      0.00      0.00      0.00      0.00      0.00      
neo_gongsunzan      4.00      4.00      4.00      4.00      4.00      4.00      4.00      
neo_guanyu          4.02      4.02      4.02      4.02      4.02      4.02      4.02      
neo_xiahoudun       4.00      4.00      4.00      4.00      4.00      4.00      4.00      
neo_xuchu           4.56      4.66      4.68      4.69      4.68      4.66      4.56      
neo_zhangfei        8.10      8.10      8.10      8.10      8.10      8.10      8.10      
neo_zhaoyun         4.05      4.15      4.60      4.61      4.60      4.25      4.15      
neo_zhouyu          8.00      8.00      8.00      8.00      8.00      8.00      8.00      
nos_fazheng         4.00      4.00      4.00      4.00      4.00      4.00      4.00      
nos_lingtong        6.50      6.50      6.50      6.50      6.50      6.50      6.50      
nos_xushu           0.00      0.00      0.00      0.00      0.00      0.00      0.00      
nos_zhangchunhua    0.00      0.00      0.00      0.00      0.00      0.00      0.00      
nosfazheng          4.00      4.00      4.00      4.00      4.00      4.00      4.00      
noslingtong         6.50      6.50      6.50      6.50      6.50      6.50      6.50      
nosxushu            0.00      0.00      0.00      0.00      0.00      0.00      0.00      
noszhangchunhua     0.00      0.00      0.00      0.00      0.00      0.00      0.00      
pangde              4.50      4.50      4.50      4.50      4.50      4.50      4.50      
pangtong            6.50      6.50      6.50      6.50      6.50      6.50      6.50      
shencaocao          4.00      4.00      4.00      4.00      4.00      4.00      4.00      
shenguanyu          4.03      4.03      4.03      4.03      4.03      4.03      4.03      
shenlvbu            4.00      4.00      4.00      4.00      4.00      4.00      4.00      
shenlvmeng          8.00      8.00      8.00      8.00      8.00      8.00      8.00      
shensimayi          7.00      8.00      8.00      8.00      8.00      8.00      7.00      
shenzhaoyun         4.70      4.70      4.70      4.70      4.70      4.70      4.70      
shenzhouyu          4.00      4.00      4.00      4.00      4.00      4.00      4.00      
shenzhugeliang      4.00      4.00      4.00      4.00      4.00      4.00      4.00      
simayi              0.00      0.00      0.00      0.00      0.00      0.00      0.00      
simazhao            7.50      7.50      7.50      7.50      7.50      7.50      7.50      
sp_guanyu           4.01      4.01      4.01      4.01      4.01      4.01      4.01      
sunce               4.00      4.00      4.00      4.00      4.00      4.00      4.00      
sunjian             4.00      4.00      4.00      4.00      4.00      4.00      4.00      
sunquan             9.00      9.00      9.00      9.00      9.00      9.00      9.00      
sunshangxiang       5.00      5.00      5.00      5.00      5.00      5.00      5.00      
taishici            9.00      9.00      9.00      9.00      9.00      9.00      9.00      
wangyi              6.00      6.00      6.00      6.00      6.00      6.00      6.00      
wangyuanji          5.00      5.00      5.00      5.00      5.00      5.00      5.00      
weiyan              4.00      4.00      4.00      4.00      4.00      4.00      4.00      
wolong              6.50      6.50      6.50      6.50      6.50      6.50      6.50      
wuguotai            0.00      0.00      0.00      0.00      0.00      0.00      0.00      
xiahoudun           4.00      4.00      4.00      4.00      4.00      4.00      4.00      
xiahouyuan          7.50      7.50      7.50      7.50      7.50      7.50      7.50      
xiaoqiao            4.00      4.00      4.00      4.00      4.00      4.00      4.00      
xuchu               4.00      4.00      4.00      4.00      4.00      4.00      4.00      
xuhuang             4.00      4.00      4.00      4.00      4.00      4.00      4.00      
xunyou              7.00      7.00      7.00      7.00      7.00      7.00      7.00      
xunyu               9.00      9.00      9.00      9.00      9.00      9.00      9.00      
xusheng             6.50      6.50      6.50      6.50      6.50      6.50      6.50      
xushu               3.90      3.90      3.90      3.90      3.90      3.90      3.90      
yangxiu             4.00      4.00      4.00      4.00      4.00      4.00      4.00      
yanliangwenchou     8.50      8.50      8.50      8.50      8.50      8.50      8.50      
yuanshao            9.00      9.00      9.00      9.00      9.00      9.00      9.00      
yuanshu             9.00      9.00      9.00      9.00      9.00      9.00      9.00      
yuji                4.00      4.00      4.00      4.00      4.00      4.00      4.00      
yujin               3.00      3.00      3.00      3.00      3.00      3.00      3.00      
zhangchunhua        0.00      0.00      0.00      0.00      0.00      0.00      0.00      
zhangfei            7.90      7.90      7.90      7.90      7.90      7.90      7.90      
zhanghe             7.00      7.00      7.00      7.00      7.00      7.00      7.00      
zhangjiao           4.00      4.00      4.00      4.00      4.00      4.00      4.00      
zhangliao           0.00      0.00      0.00      0.00      0.00      0.00      0.00      
zhaoyun             4.04      4.13      4.56      4.56      4.72      4.24      4.14      
zhenji              6.00      6.00      6.00      6.00      6.00      6.00      6.00      
zhonghui            4.90      4.90      4.90      4.90      4.90      4.90      4.90      
zhoutai             3.00      3.00      3.00      3.00      3.00      3.00      3.00      
zhouyu              6.70      6.70      6.70      6.70      6.70      6.70      6.70      
zhugejin            4.00      4.00      4.00      4.00      4.00      4.00      4.00      
zhugeliang          4.00      4.00      4.00      4.00      4.00      4.00      4.00      
zhurong             6.50      6.50      6.50      6.50      6.50      6.50      6.50      
zuoci               6.50      6.50      6.50      6.50      6.50      6.50      6.50      
