aysunyang           4.00      4.00      4.00      4.00      4.00      4.00      4.00      
ayyeshiwen          4.00      4.00      4.00      4.00      4.00      4.00      4.00      
bgm_caoren          6.00      6.00      6.00      6.00      6.00      6.00      6.00      
bgm_daqiao          5.00      5.00      5.00      5.00      5.00      5.00      5.00      
bgm_diaochan        8.50      8.50      8.50      8.50      8.50      8.50      8.50      
bgm_ganning         6.00      6.00      6.00      6.00      6.00      6.00      6.00      
bgm_liubei          6.00      6.00      6.00      6.00      6.00      6.00      6.00      
bgm_lvmeng          6.00      6.00      6.00      6.00      6.00      6.00      6.00      
bgm_pangtong        5.00      5.00      5.00      5.00      5.00      5.00      5.00      
bgm_xiahoudun       6.00      6.00      6.00      6.00      6.00      6.00      6.00      
bgm_zhangfei        7.00      7.00      7.00      7.00      7.00      7.00      7.00      
bgm_zhaoyun         8.00      8.00      8.00      8.00      8.00      8.00      8.00      
bulianshi           7.50      7.50      7.50      7.50      7.50      7.50      7.50      
caiwenji            7.00      7.00      7.00      7.00      7.00      7.00      7.00      
caocao              3.00      3.00      3.00      3.00      3.00      3.00      3.00      
caohong             5.00      5.00      5.00      5.00      5.00      5.00      5.00      
caopi               7.00      7.00      7.00      7.00      7.00      7.00      7.00      
caoren              5.00      5.00      5.00      5.00      5.00      5.00      5.00      
caozhang            5.00      5.00      5.00      5.00      5.00      5.00      5.00      
caozhi              8.00      8.00      8.00      8.00      8.00      8.00      8.00      
chengong            9.20      9.20      9.20      9.20      9.20      9.20      9.20      
chengpu             6.00      6.00      6.00      6.00      6.00      6.00      6.00      
chenlin             7.50      7.50      7.50      7.50      7.50      7.50      7.50      
daqiao              9.40      9.40      9.40      9.40      9.40      9.40      9.40      
dengai              8.00      8.00      8.00      8.00      8.00      8.00      8.00      
dianwei             6.00      6.00      6.00      6.00      6.00      6.00      6.00      
diaochan            6.00      6.00      6.00      6.00      6.00      6.00      6.00      
dongzhuo            8.00      8.00      8.00      8.00      8.00      8.00      8.00      
erzhang             8.00      8.00      8.00      8.00      8.00      8.00      8.00      
fazheng             6.20      6.20      6.20      6.20      6.20      6.20      6.20      
fuhuanghou          6.00      6.00      6.00      6.00      6.00      6.00      6.00      
fuwan               6.00      6.00      6.00      6.00      6.00      6.00      6.00      
ganning             4.00      4.00      4.00      4.00      4.00      4.00      4.00      
gaoshun             8.00      8.00      8.00      8.00      8.00      8.00      8.00      
gongsunzan          2.00      2.00      2.00      2.00      2.00      2.00      2.00      
guanxingzhangbao    8.00      8.00      8.00      8.00      8.00      8.00      8.00      
guanyinping         5.00      5.00      5.00      5.00      5.00      5.00      5.00      
guanyu              3.00      3.00      3.00      3.00      3.00      3.00      3.00      
guojia              7.00      7.00      7.00      7.00      7.00      7.00      7.00      
gzdingfeng          6.00      6.00      6.00      6.00      6.00      6.00      6.00      
gzganfuren          5.00      5.00      5.00      5.00      5.00      5.00      5.00      
gzjiling            4.00      4.00      4.00      4.00      4.00      4.00      4.00      
gzkongrong          7.50      7.50      7.50      7.50      7.50      7.50      7.50      
gzluxun             5.00      5.00      5.00      5.00      5.00      5.00      5.00      
gzmateng            3.00      3.00      3.00      3.00      3.00      3.00      3.00      
gzpanfeng           4.00      4.00      4.00      4.00      4.00      4.00      4.00      
gztianfeng          6.00      6.00      6.00      6.00      6.00      6.00      6.00      
gzyuejin            6.00      6.00      6.00      6.00      6.00      6.00      6.00      
gzzoushi            9.00      9.00      9.00      9.00      9.00      9.00      9.00      
handang             5.00      5.00      5.00      5.00      5.00      5.00      5.00      
hanxiandi           7.50      7.50      7.50      7.50      7.50      7.50      7.50      
huanggai            3.00      3.00      3.00      3.00      3.00      3.00      3.00      
huangyueying        3.00      3.00      3.00      3.00      3.00      3.00      3.00      
huangzhong          4.00      4.00      4.00      4.00      4.00      4.00      4.00      
huatuo              8.00      8.00      8.00      8.00      8.00      8.00      8.00      
huaxiong            3.00      3.00      3.00      3.00      3.00      3.00      3.00      
jiangwei            6.10      6.10      6.10      6.10      6.10      6.10      6.10      
jiaxu               8.00      8.00      8.00      8.00      8.00      8.00      8.00      
jiben               6.00      6.00      6.00      6.00      6.00      6.00      6.00      
liaohua             6.00      6.00      6.00      6.00      6.00      6.00      6.00      
lingju              6.00      6.00      6.00      6.00      6.00      6.00      6.00      
lingtong            7.50      7.50      7.50      7.50      7.50      7.50      7.50      
liubei              8.00      8.00      8.00      8.00      8.00      8.00      8.00      
liubiao             5.00      5.00      5.00      5.00      5.00      5.00      5.00      
liushan             6.00      6.00      6.00      6.00      6.00      6.00      6.00      
luagongsunzan       4.00      4.00      4.00      4.00      4.00      4.00      4.00      
lualiuxie           8.00      8.00      8.00      8.00      8.00      8.00      8.00      
lusu                6.00      6.00      6.00      6.00      6.00      6.00      6.00      
luxun               3.00      3.00      3.00      3.00      3.00      3.00      3.00      
lvbu                4.00      4.00      4.00      4.00      4.00      4.00      4.00      
lvmeng              4.00      4.00      4.00      4.00      4.00      4.00      4.00      
machao              3.00      3.00      3.00      3.00      3.00      3.00      3.00      
madai               9.00      8.50      8.00      7.00      8.00      8.50      9.00      
masu                5.50      5.50      5.50      5.50      5.50      5.50      5.50      
menghuo             3.00      3.00      3.00      3.00      3.00      3.00      3.00      
mushun              6.00      6.00      6.00      6.00      6.00      6.00      6.00      
neo_caoren          5.50      5.50      5.50      5.50      5.50      5.50      5.50      
neo_gongsunzan      4.00      4.00      4.00      4.00      4.00      4.00      4.00      
neo_guanyu          3.00      3.00      3.00      3.00      3.00      3.00      3.00      
neo_xiahoudun       4.00      4.00      4.00      4.00      4.00      4.00      4.00      
neo_xuchu           4.00      4.00      4.00      4.00      4.00      4.00      4.00      
neo_zhangfei        8.00      8.00      8.00      8.00      8.00      8.00      8.00      
neo_zhaoyun         5.00      5.00      5.00      5.00      5.00      5.00      5.00      
neo_zhouyu          5.00      5.00      5.00      5.00      5.00      5.00      5.00      
nos_fazheng         6.50      6.50      6.50      6.50      6.50      6.50      6.50      
nos_lingtong        6.00      6.00      6.00      6.00      6.00      6.00      6.00      
nos_xushu           8.50      8.50      8.50      8.50      8.50      8.50      8.50      
nos_zhangchunhua    9.00      9.00      9.00      9.00      9.00      9.00      9.00      
nosfazheng          6.50      6.50      6.50      6.50      6.50      6.50      6.50      
noslingtong         6.00      6.00      6.00      6.00      6.00      6.00      6.00      
nosxushu            8.50      8.50      8.50      8.50      8.50      8.50      8.50      
noszhangchunhua     9.00      9.00      9.00      9.00      9.00      9.00      9.00      
pangde              6.00      6.00      6.00      6.00      6.00      6.00      6.00      
pangtong            5.00      5.00      5.00      5.00      5.00      5.00      5.00      
shencaocao          7.00      7.00      7.00      7.00      7.00      7.00      7.00      
shenguanyu          6.50      6.50      6.50      6.50      6.50      6.50      6.50      
shenlvbu            7.00      7.00      7.00      7.00      7.00      7.00      7.00      
shenlvmeng          6.00      6.00      6.00      6.00      6.00      6.00      6.00      
shensimayi          6.50      6.50      6.50      6.50      6.50      6.50      6.50      
shenzhaoyun         6.50      6.50      6.50      6.50      6.50      6.50      6.50      
shenzhouyu          6.50      6.50      6.50      6.50      6.50      6.50      6.50      
shenzhugeliang      5.00      5.00      5.00      5.00      5.00      5.00      5.00      
simayi              5.00      5.00      5.00      5.00      5.00      5.00      5.00      
simazhao            6.00      6.00      6.00      6.00      6.00      6.00      6.00      
sp_guanyu           3.00      3.00      3.00      3.00      3.00      3.00      3.00      
sunce               6.50      6.50      6.50      6.50      6.50      6.50      6.50      
sunjian             4.00      4.00      4.00      4.00      4.00      4.00      4.00      
sunquan             7.00      7.00      7.00      7.00      7.00      7.00      7.00      
sunshangxiang       4.00      4.00      4.00      4.00      4.00      4.00      4.00      
taishici            8.00      8.00      8.00      8.00      8.00      8.00      8.00      
wangyi              6.00      6.00      6.00      6.00      6.00      6.00      6.00      
wangyuanji          6.00      6.00      6.00      6.00      6.00      6.00      6.00      
weiyan              4.00      4.00      4.00      4.00      4.00      4.00      4.00      
wolong              8.00      8.00      8.00      8.00      8.00      8.00      8.00      
wuguotai            9.50      9.50      9.50      9.50      9.50      9.50      9.50      
xiahoudun           3.00      3.00      3.00      3.00      3.00      3.00      3.00      
xiahouyuan          5.00      5.00      5.00      5.00      5.00      5.00      5.00      
xiaoqiao            5.00      5.00      5.00      5.00      5.00      5.00      5.00      
xuchu               3.00      3.00      3.00      3.00      3.00      3.00      3.00      
xuhuang             6.00      6.00      6.00      6.00      6.00      6.00      6.00      
xunyou              5.00      5.00      5.00      5.00      5.00      5.00      5.00      
xunyu               8.90      8.90      8.90      8.90      8.90      8.90      8.90      
xusheng             7.00      7.00      7.00      7.00      7.00      7.00      7.00      
xushu               7.50      7.50      7.50      7.50      7.50      7.50      7.50      
yangxiu             4.00      4.00      4.00      4.00      4.00      4.00      4.00      
yanliangwenchou     8.00      8.00      8.00      8.00      8.00      8.00      8.00      
yuanshao            5.00      5.00      5.00      5.00      5.00      5.00      5.00      
yuanshu             8.30      8.30      8.30      8.30      8.30      8.30      8.30      
yuji                4.00      4.00      4.00      4.00      4.00      4.00      4.00      
yujin               3.00      3.00      3.00      3.00      3.00      3.00      3.00      
zhangchunhua        8.50      8.50      8.50      8.50      8.50      8.50      8.50      
zhangfei            7.00      7.00      7.00      7.00      7.00      7.00      7.00      
zhanghe             8.20      8.20      8.20      8.20      8.20      8.20      8.20      
zhangjiao           6.00      6.00      6.00      6.00      6.00      6.00      6.00      
zhangliao           7.00      7.00      7.00      7.00      7.00      7.00      7.00      
zhaoyun             3.00      3.00      3.00      3.00      3.00      3.00      3.00      
zhenji              6.50      6.50      6.50      6.50      6.50      6.50      6.50      
zhonghui            6.00      6.00      6.00      6.00      6.00      6.00      6.00      
zhoutai             3.00      3.00      3.00      3.00      3.00      3.00      3.00      
zhouyu              4.00      4.00      4.00      4.00      4.00      4.00      4.00      
zhugejin            4.00      4.00      4.00      4.00      4.00      4.00      4.00      
zhugeliang          3.00      3.00      3.00      3.00      3.00      3.00      3.00      
zhurong             3.00      3.00      3.00      3.00      3.00      3.00      3.00      
zuoci               7.00      7.00      7.00      7.00      7.00      7.00      7.00      
