caopi                  9.00     9.00     9.00     9.00     9.00     9.00     9.00
chengong               8.90     8.90     8.90     8.90     8.90     8.90     8.90
gaosun                 8.60     8.60     8.60     8.60     8.60     8.60     8.60
heg_caopi              9.00     9.00     9.00     9.00     9.00     9.00     9.00
lusu                   8.80     8.80     8.80     8.80     8.80     8.80     8.80
xuhuang                8.50     8.50     8.40     8.30     8.40     8.50     8.50
xunyou                 8.70     8.70     8.70     8.70     8.70     8.70     8.70
xunyu                  9.00     9.00     9.00     9.00     9.00     9.00     9.00
diaochan               8.20     8.20     8.20     8.20     8.20     8.20     8.20
erzhang                8.30     8.30     8.30     8.30     8.30     8.30     8.30
guanxingzhangbao       8.10     8.10     8.00     8.00     8.00     8.10     8.10
heg_diaochan           8.20     8.20     8.20     8.20     8.20     8.20     8.20
jiangwei               8.00     8.00     8.00     8.00     8.00     8.00     8.00
nos_diaochan           8.30     8.30     8.30     8.30     8.30     8.30     8.30
sp_diaochan            8.20     8.20     8.20     8.20     8.20     8.20     8.20
taishici               8.30     8.30     8.30     8.30     8.30     8.30     8.30
tw_diaochan            8.20     8.20     8.20     8.20     8.20     8.20     8.20
tw_yuanshu             8.30     8.30     8.30     8.30     8.30     8.30     8.30
yanliangwenchou        8.00     8.00     8.00     8.00     8.00     8.00     8.00
yuanshu                8.30     8.30     8.30     8.30     8.30     8.30     8.30
zhanghe                8.30     8.30     8.30     8.30     8.30     8.30     8.30
bgm_diaochan           7.80     7.70     7.60     7.50     7.60     7.70     7.80
bgm_zhangfei           7.50     7.50     7.50     7.50     7.50     7.50     7.50
bulianshi              7.50     7.50     7.50     7.50     7.50     7.50     7.50
dongzhuo               7.50     7.50     7.50     7.50     7.50     7.50     7.50
jianyong               7.50     7.50     7.50     7.50     7.50     7.50     7.50
jiling                 7.50     7.50     7.50     7.50     7.50     7.50     7.50
nos_guanxingzhangbao   7.60     7.50     7.40     7.30     7.40     7.50     7.60
shenlvmeng             7.50     7.50     7.50     7.50     7.50     7.50     7.50
shensimayi             7.50     7.50     7.50     7.50     7.50     7.50     7.50
shenzhaoyun            7.50     7.50     7.50     7.50     7.50     7.50     7.50
shenzhouyu             7.50     7.50     7.50     7.50     7.50     7.50     7.50
sunquan                7.50     7.50     7.50     7.50     7.50     7.50     7.50
xusheng                7.50     7.50     7.50     7.50     7.50     7.50     7.50
dianwei                7.60     7.50     6.50     6.50     6.50     7.50     7.60
caozhi                 7.40     7.40     7.40     7.40     7.40     7.40     7.40
bgm_ganning            7.00     7.00     7.00     7.00     7.00     7.00     7.00
caiwenji               7.00     7.00     7.00     7.00     7.00     7.00     7.00
chenlin                7.00     7.00     7.00     7.00     7.00     7.00     7.00
diy_liuxie             7.00     7.00     7.00     7.00     7.00     7.00     7.00
bgm_pangtong           7.00     7.00     7.00     7.00     7.00     7.00     7.00
diy_wangyuanji         7.00     7.00     7.00     7.00     7.00     7.00     7.00
daqiao                 7.00     7.00     7.00     7.00     7.00     7.00     7.00
chengpu                7.00     7.00     7.00     7.00     7.00     7.00     7.00
gaodayihao             7.00     7.00     7.00     7.00     7.00     7.00     7.00
caochong               7.00     7.00     7.00     7.00     7.00     7.00     7.00
huatuo                 7.00     7.00     7.00     7.00     7.00     7.00     7.00
guanyinping            7.00     7.00     7.00     7.00     7.00     7.00     7.00
liru                   7.00     7.00     7.00     7.00     7.00     7.00     7.00
liushan                7.00     7.00     7.00     7.00     7.00     7.00     7.00
jiaxu                  7.00     7.00     7.00     7.00     7.00     7.00     7.00
lingtong               7.00     7.00     7.00     7.00     7.00     7.00     7.00
nos_liubei             7.00     7.00     7.00     7.00     7.00     7.00     7.00
neo_zhouyu             7.00     7.00     7.00     7.00     7.00     7.00     7.00
manchong               7.00     7.00     7.00     7.00     7.00     7.00     7.00
sp_caiwenji            7.00     7.00     7.00     7.00     7.00     7.00     7.00
sp_jiaxu               7.00     7.00     7.00     7.00     7.00     7.00     7.00
nos_madai              7.00     7.00     7.00     7.00     7.00     7.00     7.00
madai                  7.00     7.00     7.00     7.00     7.00     7.00     7.00
tw_daqiao              7.00     7.00     7.00     7.00     7.00     7.00     7.00
wz_daqiao              7.00     7.00     7.00     7.00     7.00     7.00     7.00
zoushi                 7.00     7.00     7.00     7.00     7.00     7.00     7.00
bgm_caoren             6.50     6.50     6.50     6.50     6.50     6.50     6.50
bgm_daqiao             6.50     6.50     6.50     6.50     6.50     6.50     6.50
dengai                 6.50     6.50     6.50     6.50     6.50     6.50     6.50
bgm_lvmeng             6.50     6.50     6.50     6.50     6.50     6.50     6.50
dengshizai             6.50     6.50     6.50     6.50     6.50     6.50     6.50
diy_simazhao           6.50     6.50     6.50     6.50     6.50     6.50     6.50
dingfeng               6.50     6.50     6.50     6.50     6.50     6.50     6.50
erqiao                 6.50     6.50     6.50     6.50     6.50     6.50     6.50
fuhuanghou             6.50     6.50     6.50     6.50     6.50     6.50     6.50
fuwan                  6.50     6.50     6.50     6.50     6.50     6.50     6.50
guanping               6.50     6.50     6.50     6.50     6.50     6.50     6.50
shenzhugeliang         6.50     6.50     6.50     6.50     6.50     6.50     6.50
liubei                 6.50     6.50     6.50     6.50     6.50     6.50     6.50
nos_lingtong           6.50     6.50     6.50     6.50     6.50     6.50     6.50
shencaocao             6.50     6.50     6.50     6.50     6.50     6.50     6.50
shenlvbu               6.50     6.50     6.50     6.50     6.50     6.50     6.50
sp_shenlvbu            6.50     6.50     6.50     6.50     6.50     6.50     6.50
wis_jiangwei           6.50     6.50     6.50     6.50     6.50     6.50     6.50
wis_shuijing           6.50     6.50     6.50     6.50     6.50     6.50     6.50
liufeng                6.50     6.50     6.50     6.50     6.50     6.50     6.50
jiangboyue             6.00     6.00     6.00     6.00     6.00     6.00     6.00
luboyan                6.00     6.00     6.00     6.00     6.00     6.00     6.00
luboyanf               6.00     6.00     6.00     6.00     6.00     6.00     6.00
tw_zhangliao           6.00     6.00     6.00     6.00     6.00     6.00     6.00
wis_jiangwan           6.00     6.00     6.00     6.00     6.00     6.00     6.00
yuanshao               6.00     6.00     6.00     6.00     6.00     6.00     6.00
xiahoujuan             6.00     6.00     6.00     6.00     6.00     6.00     6.00
zhanggongqi            6.00     6.00     6.00     6.00     6.00     6.00     6.00
zhangliao              6.00     6.00     6.00     6.00     6.00     6.00     6.00
zhugeke                6.00     6.00     6.00     6.00     6.00     6.00     6.00
zuoci                  6.00     6.00     6.00     6.00     6.00     6.00     6.00
huangzhong             5.50     5.50     5.50     5.50     5.50     5.50     5.50
kongrong               5.50     5.50     5.50     5.50     5.50     5.50     5.50
liaohua                5.50     5.50     5.50     5.50     5.50     5.50     5.50
neo_zhangfei           5.50     5.50     5.50     5.50     5.50     5.50     5.50
nos_handang            5.50     5.50     5.50     5.50     5.50     5.50     5.50
nos_wangyi             5.50     5.50     5.50     5.50     5.50     5.50     5.50
nos_xushu              5.50     5.50     5.50     5.50     5.50     5.50     5.50
pangtong               5.50     5.50     5.50     5.50     5.50     5.50     5.50
panzhangmazhong        5.50     5.50     5.50     5.50     5.50     5.50     5.50
wis_sunce              5.50     5.50     5.50     5.50     5.50     5.50     5.50
wis_huaxiong           5.50     5.50     5.50     5.50     5.50     5.50     5.50
wis_tianfeng           5.50     5.50     5.50     5.50     5.50     5.50     5.50
wolong                 5.50     5.50     5.50     5.50     5.50     5.50     5.50
xiahouyuan             5.50     5.50     5.50     5.50     5.50     5.50     5.50
guojia                 5.00     5.00     5.00     5.00     5.00     5.00     5.00
sp_heg_zhouyu          5.00     5.00     5.00     5.00     5.00     5.00     5.00
heg_zhouyu             5.00     5.00     5.00     5.00     5.00     5.00     5.00
zhouyu                 5.00     5.00     5.00     5.00     5.00     5.00     5.00
jiawenhe               5.00     5.00     5.00     5.00     5.00     5.00     5.00
neo_xuchu              5.00     5.00     5.00     5.00     5.00     5.00     5.00
tw_guojia              5.00     5.00     5.00     5.00     5.00     5.00     5.00
wis_zhangzhao          5.00     5.00     5.00     5.00     5.00     5.00     5.00
xushu                  5.00     5.00     5.00     5.00     5.00     5.00     5.00
yt_caochong            5.00     5.00     5.00     5.00     5.00     5.00     5.00
bgm_zhaoyun            4.50     4.50     4.50     4.50     4.50     4.50     4.50
ganning                4.50     4.50     4.50     4.50     4.50     4.50     4.50
handang                4.50     4.50     4.50     4.50     4.50     4.50     4.50
heg_zhugeliang         4.50     4.50     4.50     4.50     4.50     4.50     4.50
st_yuanshu             4.50     4.50     4.50     4.50     4.50     4.50     4.50
sp_sunshangxiang       4.50     4.50     4.50     4.50     4.50     4.50     4.50
sunjian                4.50     4.50     4.50     4.50     4.50     4.50     4.50
sunshangxiang          4.50     4.50     4.50     4.50     4.50     4.50     4.50
tw_ganning             4.50     4.50     4.50     4.50     4.50     4.50     4.50
tw_zhugeliang          4.50     4.50     4.50     4.50     4.50     4.50     4.50
xiahouba               4.50     4.50     4.50     4.50     4.50     4.50     4.50
yuejin                 4.50     4.50     4.50     4.50     4.50     4.50     4.50
yufan                  4.50     4.50     4.50     4.50     4.50     4.50     4.50
zhugeliang             4.50     4.50     4.50     4.50     4.50     4.50     4.50
as_jiben               4.00     4.00     4.00     4.00     4.00     4.00     4.00
bgm_liubei             4.00     4.00     4.00     4.00     4.00     4.00     4.00
caizhaoji              4.00     4.00     4.00     4.00     4.00     4.00     4.00
neo_caoren             4.00     4.00     4.00     4.00     4.00     4.00     4.00
fazheng                4.00     4.00     4.00     4.00     4.00     4.00     4.00
neo_gongsunzan         4.00     4.00     4.00     4.00     4.00     4.00     4.00
neo_guanyu             4.00     4.00     4.00     4.00     4.00     4.00     4.00
neo_xiahoudun          4.00     4.00     4.00     4.00     4.00     4.00     4.00
nos_fazheng            4.00     4.00     4.00     4.00     4.00     4.00     4.00
nos_huangyueying       4.00     4.00     4.00     4.00     4.00     4.00     4.00
zhangjunyi             4.00     4.00     4.00     4.00     4.00     4.00     4.00
as_fuhuanghou          3.50     3.50     3.50     3.50     3.50     3.50     3.50
bgm_xiahoudun          3.50     3.50     3.50     3.50     3.50     3.50     3.50
heg_luxun              3.50     3.50     3.50     3.50     3.50     3.50     3.50
heg_zhenji             3.50     3.50     3.50     3.50     3.50     3.50     3.50
lukang                 3.50     3.50     3.50     3.50     3.50     3.50     3.50
neo_zhaoyun            3.50     3.50     3.50     3.50     3.50     3.50     3.50
nos_zhangchunhua       3.50     3.50     3.50     3.50     3.50     3.50     3.50
panglingming           3.50     3.50     3.50     3.50     3.50     3.50     3.50
simayi                 3.50     3.50     3.50     3.50     3.50     3.50     3.50
sp_zhenji              3.50     3.50     3.50     3.50     3.50     3.50     3.50
tw_zhenji              3.50     3.50     3.50     3.50     3.50     3.50     3.50
zhangchunhua           3.50     3.50     3.50     3.50     3.50     3.50     3.50
yt_shencaocao          3.50     3.50     3.50     3.50     3.50     3.50     3.50
zhenji                 3.50     3.50     3.50     3.50     3.50     3.50     3.50
as_fuwan               3.00     3.00     3.00     3.00     3.00     3.00     3.00
as_mushun              3.00     3.00     3.00     3.00     3.00     3.00     3.00
jinxuandi              3.00     3.00     3.00     3.00     3.00     3.00     3.00
ganfuren               3.00     3.00     3.00     3.00     3.00     3.00     3.00
machao                 3.00     3.00     3.00     3.00     3.00     3.00     3.00
mateng                 3.00     3.00     3.00     3.00     3.00     3.00     3.00
shenguanyu             3.00     3.00     3.00     3.00     3.00     3.00     3.00
sp_machao              3.00     3.00     3.00     3.00     3.00     3.00     3.00
tw_machao              3.00     3.00     3.00     3.00     3.00     3.00     3.00
wangyi                 3.00     3.00     3.00     3.00     3.00     3.00     3.00
wis_xuyou              3.00     3.00     3.00     3.00     3.00     3.00     3.00
zhangfei               3.00     3.00     3.00     3.00     3.00     3.00     3.00
zhangjiao              3.00     3.00     3.00     3.00     3.00     3.00     3.00
caohong                2.50     2.50     2.50     2.50     2.50     2.50     2.50
caozhang               2.50     2.50     2.50     2.50     2.50     2.50     2.50
diy_gongsunzan         2.50     2.50     2.50     2.50     2.50     2.50     2.50
guzhielai              2.50     2.50     2.50     2.50     2.50     2.50     2.50
heg_huangyueying       2.50     2.50     2.50     2.50     2.50     2.50     2.50
huangyueying           2.50     2.50     2.50     2.50     2.50     2.50     2.50
pangde                 2.50     2.50     2.50     2.50     2.50     2.50     2.50
sunce                  2.50     2.50     2.50     2.50     2.50     2.50     2.50
sp_pangde              2.50     2.50     2.50     2.50     2.50     2.50     2.50
tianfeng               2.50     2.50     2.50     2.50     2.50     2.50     2.50
tw_huangyueying        2.50     2.50     2.50     2.50     2.50     2.50     2.50
wz_xiaoqiao            2.50     2.50     2.50     2.50     2.50     2.50     2.50
yangxiu                2.50     2.50     2.50     2.50     2.50     2.50     2.50
xiaoqiao               2.50     2.50     2.50     2.50     2.50     2.50     2.50
yuji                   2.50     2.50     2.50     2.50     2.50     2.50     2.50
yitianjian             2.50     2.50     2.50     2.50     2.50     2.50     2.50
zhonghui               4.00     2.50     2.50     2.50     2.50     2.50     4.00
zhongshiji             2.50     2.50     2.50     2.50     2.50     2.50     2.50
heg_xiaoqiao           2.50     2.50     2.50     2.50     2.50     2.50     2.50
as_lingju              2.00     2.00     2.00     2.00     2.00     2.00     2.00
gongsunzan             2.00     2.00     2.00     2.00     2.00     2.00     2.00
caocao                 2.00     2.00     2.00     2.00     2.00     2.00     2.00
guanyu                 2.00     2.00     2.00     2.00     2.00     2.00     2.00
guohuai                2.00     2.00     2.00     2.00     2.00     2.00     2.00
heg_lvbu               2.00     2.00     2.00     2.00     2.00     2.00     2.00
lingju                 2.00     2.00     2.00     2.00     2.00     2.00     2.00
huaxiong               2.00     2.00     2.00     2.00     2.00     2.00     2.00
liubiao                2.00     2.00     2.00     2.00     2.00     2.00     2.00
luxun                  2.00     2.00     2.00     2.00     2.00     2.00     2.00
lvbu                   2.00     2.00     2.00     2.00     2.00     2.00     2.00
masu                   2.00     2.00     2.00     2.00     2.00     2.00     2.00
panfeng                2.00     2.00     2.00     2.00     2.00     2.00     2.00
st_huaxiong            2.00     2.00     2.00     2.00     2.00     2.00     2.00
sp_guanyu              2.00     2.00     2.00     2.00     2.00     2.00     2.00
tw_luxun               2.00     2.00     2.00     2.00     2.00     2.00     2.00
tw_lvbu                2.00     2.00     2.00     2.00     2.00     2.00     2.00
tw_zhaoyun             2.00     2.00     2.00     2.00     2.00     2.00     2.00
xiahoudun              2.00     2.00     2.00     2.00     2.00     2.00     2.00
xuchu                  2.00     2.00     2.00     2.00     2.00     2.00     2.00
zhaoyun                2.00     2.00     2.00     2.00     2.00     2.00     2.00
zhurong                2.00     2.00     2.00     2.00     2.00     2.00     2.00
zhuran                 2.00     2.00     2.00     2.00     2.00     2.00     2.00
as_liuxie              0.01     0.01     0.01     0.01     0.01     0.01     0.01
caoren                 0.01     0.01     0.01     0.01     0.01     0.01     0.01
tw_huanggai            0.01     0.01     0.01     0.01     0.01     0.01     0.01
liuxie                 0.01     0.01     0.01     0.01     0.01     0.01     0.01
lvmeng                 0.01     0.01     0.01     0.01     0.01     0.01     0.01
weiyan                 0.01     0.01     0.01     0.01     0.01     0.01     0.01
menghuo                0.01     0.01     0.01     0.01     0.01     0.01     0.01
huanggai               0.01     0.01     0.01     0.01     0.01     0.01     0.01
zhoutai                0.01     0.01     0.01     0.01     0.01     0.01     0.01
yujin                  0.01     0.01     0.01     0.01     0.01     0.01     0.01
wuguotai               0.01     0.01     0.01     0.01     0.01     0.01     0.01