as_liuxie                  9.00     9.00     9.00     9.00     9.00     9.00     9.00
liuxie                     9.00     9.00     9.00     9.00     9.00     9.00     9.00
xunyu                      8.90     8.90     8.90     8.90     8.90     8.90     8.90
as_fuhuanghou              8.80     8.80     8.80     8.80     8.80     8.80     8.80
lusu                       8.50     8.50     8.50     8.50     8.50     8.50     8.50
heg_luxun                  8.40     8.40     8.40     8.40     8.40     8.40     8.40
fazheng                    8.30     8.30     8.30     8.30     8.30     8.30     8.30
wuguotai                   8.20     8.20     8.20     8.20     8.20     8.20     8.20
sunjian                    8.10     8.10     8.10     8.10     8.10     8.10     8.10
nos_fazheng                8.00     8.00     8.00     8.00     8.00     8.00     8.00
bgm_diaochan               7.50     7.50     7.50     7.50     7.50     7.50     7.50
bgm_zhangfei               7.50     7.50     7.50     7.50     7.50     7.50     7.50
bulianshi                  7.50     7.50     7.50     7.50     7.50     7.50     7.50
caozhi                     7.50     7.50     7.50     7.50     7.50     7.50     7.50
chengong                   7.50     7.50     7.50     7.50     7.50     7.50     7.50
diaochan                   7.50     7.50     7.50     7.50     7.50     7.50     7.50
dongzhuo                   7.50     7.50     7.50     7.50     7.50     7.50     7.50
erzhang                    7.50     7.50     7.50     7.50     7.50     7.50     7.50
gaoshun                    7.50     7.50     7.50     7.50     7.50     7.50     7.50
guanxingzhangbao           7.50     7.50     7.50     7.50     7.50     7.50     7.50
heg_diaochan               7.50     7.50     7.50     7.50     7.50     7.50     7.50
jiangwei                   7.50     7.50     7.50     7.50     7.50     7.50     7.50
jianyong                   7.50     7.50     7.50     7.50     7.50     7.50     7.50
jiling                     7.50     7.50     7.50     7.50     7.50     7.50     7.50
liufeng                    7.50     7.50     7.50     7.50     7.50     7.50     7.50
nos_diaochan               7.50     7.50     7.50     7.50     7.50     7.50     7.50
nos_guanxingzhangbao       7.50     7.50     7.50     7.50     7.50     7.50     7.50
shenlvmeng                 7.50     7.50     7.50     7.50     7.50     7.50     7.50
shensimayi                 7.50     7.50     7.50     7.50     7.50     7.50     7.50
shenzhaoyun                7.50     7.50     7.50     7.50     7.50     7.50     7.50
shenzhouyu                 7.50     7.50     7.50     7.50     7.50     7.50     7.50
sp_diaochan                7.50     7.50     7.50     7.50     7.50     7.50     7.50
sunquan                    7.50     7.50     7.50     7.50     7.50     7.50     7.50
taishici                   7.50     7.50     7.50     7.50     7.50     7.50     7.50
tw_diaochan                7.50     7.50     7.50     7.50     7.50     7.50     7.50
tw_yuanshu                 7.50     7.50     7.50     7.50     7.50     7.50     7.50
xunyou                     7.50     7.50     7.50     7.50     7.50     7.50     7.50
xusheng                    7.50     7.50     7.50     7.50     7.50     7.50     7.50
yanliangwenchou            7.50     7.50     7.50     7.50     7.50     7.50     7.50
yuanshu                    7.50     7.50     7.50     7.50     7.50     7.50     7.50
zhanghe                    7.50     7.50     7.50     7.50     7.50     7.50     7.50
bgm_caoren                 7.00     7.00     7.00     7.00     7.00     7.00     7.00
bgm_daqiao                 6.50     6.50     6.50     6.50     6.50     6.50     6.50
bgm_ganning                7.00     7.00     7.00     7.00     7.00     7.00     7.00
bgm_pangtong               7.00     7.00     7.00     7.00     7.00     7.00     7.00
bgm_zhaoyun                6.50     6.50     6.50     6.50     6.50     6.50     6.50
caochong                   6.50     6.50     6.50     6.50     6.50     6.50     6.50
caopi                      6.50     6.50     6.50     6.50     6.50     6.50     6.50
chenlin                    7.00     7.00     7.00     7.00     7.00     7.00     7.00
daqiao                     6.50     6.50     6.50     6.50     6.50     6.50     6.50
dengshizai                 7.00     7.00     7.00     7.00     7.00     7.00     7.00
dianwei                    7.00     7.00     7.00     7.00     7.00     7.00     7.00
dingfeng                   7.00     7.00     7.00     7.00     7.00     7.00     7.00
diy_liuxie                 7.00     7.00     7.00     7.00     7.00     7.00     7.00
diy_simazhao               7.00     7.00     7.00     7.00     7.00     7.00     7.00
diy_wangyuanji             6.50     6.50     6.50     6.50     6.50     6.50     6.50
erqiao                     6.50     6.50     6.50     6.50     6.50     6.50     6.50
fuhuanghou                 7.00     7.00     7.00     7.00     7.00     7.00     7.00
gaodayihao                 7.00     7.00     7.00     7.00     7.00     7.00     7.00
heg_caopi                  6.50     6.50     6.50     6.50     6.50     6.50     6.50
heg_zhouyu                 6.50     6.50     6.50     6.50     6.50     6.50     6.50
heg_zhugeliang             6.50     6.50     6.50     6.50     6.50     6.50     6.50
jiaxu                      7.00     7.00     7.00     7.00     7.00     7.00     7.00
lingtong                   7.00     7.00     7.00     7.00     7.00     7.00     7.00
liru                       7.00     7.00     7.00     7.00     7.00     7.00     7.00
luboyan                    7.00     7.00     7.00     7.00     7.00     7.00     7.00
luboyanf                   7.00     7.00     7.00     7.00     7.00     7.00     7.00
madai                      7.00     7.00     7.00     7.00     7.00     7.00     7.00
manchong                   7.00     7.00     7.00     7.00     7.00     7.00     7.00
neo_zhangfei               7.00     7.00     7.00     7.00     7.00     7.00     7.00
neo_zhouyu                 7.00     7.00     7.00     7.00     7.00     7.00     7.00
nos_handang                7.00     7.00     7.00     7.00     7.00     7.00     7.00
nos_lingtong               7.00     7.00     7.00     7.00     7.00     7.00     7.00
nos_madai                  7.00     7.00     7.00     7.00     7.00     7.00     7.00
panzhangmazhong            7.00     7.00     7.00     7.00     7.00     7.00     7.00
shencaocao                 7.00     7.00     7.00     7.00     7.00     7.00     7.00
shenlvbu                   7.00     7.00     7.00     7.00     7.00     7.00     7.00
sp_jiaxu                   7.00     7.00     7.00     7.00     7.00     7.00     7.00
sp_shenlvbu                7.00     7.00     7.00     7.00     7.00     7.00     7.00
tw_zhangliao               7.00     7.00     7.00     7.00     7.00     7.00     7.00
wis_jiangwei               7.00     7.00     7.00     7.00     7.00     7.00     7.00
wis_sunce                  7.00     7.00     7.00     7.00     7.00     7.00     7.00
yuanshao                   7.00     7.00     7.00     7.00     7.00     7.00     7.00
zhangjunyi                 7.00     7.00     7.00     7.00     7.00     7.00     7.00
zhangliao                  7.00     7.00     7.00     7.00     7.00     7.00     7.00
zhugeke                    7.00     7.00     7.00     7.00     7.00     7.00     7.00
shenzhugeliang             6.50     6.50     6.50     6.50     6.50     6.50     6.50
sp_heg_zhouyu              6.50     6.50     6.50     6.50     6.50     6.50     6.50
tw_zhugeliang              6.50     6.50     6.50     6.50     6.50     6.50     6.50
wis_jiangwan               6.50     6.50     6.50     6.50     6.50     6.50     6.50
wis_shuijing               6.50     6.50     6.50     6.50     6.50     6.50     6.50
zhanggongqi                6.50     6.50     6.50     6.50     6.50     6.50     6.50
zhouyu                     6.50     6.50     6.50     6.50     6.50     6.50     6.50
zhugeliang                 6.50     6.50     6.50     6.50     6.50     6.50     6.50
zuoci                      6.50     6.50     6.50     6.50     6.50     6.50     6.50
yufan                      7.00     7.00     7.00     7.00     7.00     7.00     7.00
as_lingju                  6.00     6.00     6.00     6.00     6.00     6.00     6.00
as_mushun                  6.00     6.00     6.00     6.00     6.00     6.00     6.00
bgm_liubei                 6.00     6.00     6.00     6.00     6.00     6.00     6.00
bgm_xiahoudun              6.00     6.00     6.00     6.00     6.00     6.00     6.00
chengpu                    6.00     6.00     6.00     6.00     6.00     6.00     6.00
guanping                   6.00     6.00     6.00     6.00     6.00     6.00     6.00
guanyinping                6.00     6.00     6.00     6.00     6.00     6.00     6.00
guzhielai                  6.00     6.00     6.00     6.00     6.00     6.00     6.00
lingju                     6.00     6.00     6.00     6.00     6.00     6.00     6.00
liushan                    6.00     6.00     6.00     6.00     6.00     6.00     6.00
neo_xuchu                  6.00     6.00     6.00     6.00     6.00     6.00     6.00
wis_huaxiong               6.00     6.00     6.00     6.00     6.00     6.00     6.00
wolong                     6.00     6.00     6.00     6.00     6.00     6.00     6.00
xiahouba                   6.00     6.00     6.00     6.00     6.00     6.00     6.00
xiahouyuan                 6.00     6.00     6.00     6.00     6.00     6.00     6.00
xuchu                      6.00     6.00     6.00     6.00     6.00     6.00     6.00
yuejin                     6.00     6.00     6.00     6.00     6.00     6.00     6.00
zhangfei                   6.00     6.00     6.00     6.00     6.00     6.00     6.00
zhangjiao                  6.00     6.00     6.00     6.00     6.00     6.00     6.00
zhongshiji                 6.00     6.00     6.00     6.00     6.00     6.00     6.00
as_fuwan                   5.50     5.50     5.50     5.50     5.50     5.50     5.50
bgm_lvmeng                 5.50     5.50     5.50     5.50     5.50     5.50     5.50
dengai                     5.50     5.50     5.50     5.50     5.50     5.50     5.50
fuwan                      5.50     5.50     5.50     5.50     5.50     5.50     5.50
huatuo                     5.50     5.50     5.50     5.50     5.50     5.50     5.50
liaohua                    5.50     5.50     5.50     5.50     5.50     5.50     5.50
nos_liubei                 5.50     5.50     5.50     5.50     5.50     5.50     5.50
nos_wangyi                 5.50     5.50     5.50     5.50     5.50     5.50     5.50
pangde                     5.50     5.50     5.50     5.50     5.50     5.50     5.50
sp_pangde                  5.50     5.50     5.50     5.50     5.50     5.50     5.50
sp_sunshangxiang           5.50     5.50     5.50     5.50     5.50     5.50     5.50
sunshangxiang              5.50     5.50     5.50     5.50     5.50     5.50     5.50
tw_daqiao                  6.50     6.50     6.50     6.50     6.50     6.50     6.50
wangyi                     5.50     5.50     5.50     5.50     5.50     5.50     5.50
wis_zhangzhao              5.50     5.50     5.50     5.50     5.50     5.50     5.50
wz_daqiao                  6.50     6.50     6.50     6.50     6.50     6.50     6.50
xiahoujuan                 5.50     5.50     5.50     5.50     5.50     5.50     5.50
guojia                     5.00     5.00     5.00     5.00     5.00     5.00     5.00
handang                    5.00     5.00     5.00     5.00     5.00     5.00     5.00
heg_xiaoqiao               5.00     5.00     5.00     5.00     5.00     5.00     5.00
heg_zhenji                 5.00     5.00     5.00     5.00     5.00     5.00     5.00
jiangboyue                 5.00     5.00     5.00     5.00     5.00     5.00     5.00
liubei                     5.00     5.00     5.00     5.00     5.00     5.00     5.00
lukang                     5.00     5.00     5.00     5.00     5.00     5.00     5.00
neo_gongsunzan             5.00     5.00     5.00     5.00     5.00     5.00     5.00
neo_guanyu                 5.00     5.00     5.00     5.00     5.00     5.00     5.00
neo_zhaoyun                5.00     5.00     5.00     5.00     5.00     5.00     5.00
sp_zhenji                  5.00     5.00     5.00     5.00     5.00     5.00     5.00
sunce                      5.00     5.00     5.00     5.00     5.00     5.00     5.00
tw_zhenji                  5.00     5.00     5.00     5.00     5.00     5.00     5.00
wis_tianfeng               5.00     5.00     5.00     5.00     5.00     5.00     5.00
wis_xuyou                  5.00     5.00     5.00     5.00     5.00     5.00     5.00
xiaoqiao                   5.00     5.00     5.00     5.00     5.00     5.00     5.00
xuhuang                    5.00     5.00     5.00     5.00     5.00     5.00     5.00
zhenji                     5.00     5.00     5.00     5.00     5.00     5.00     5.00
zhurong                    5.00     5.00     5.00     5.00     5.00     5.00     5.00
as_jiben                   4.50     4.50     4.50     4.50     4.50     4.50     4.50
caiwenji                   4.50     4.50     4.50     4.50     4.50     4.50     4.50
huanggai                   4.50     4.50     4.50     4.50     4.50     4.50     4.50
mateng                     4.50     4.50     4.50     4.50     4.50     4.50     4.50
neo_caoren                 4.50     4.50     4.50     4.50     4.50     4.50     4.50
nos_huangyueying           4.50     4.50     4.50     4.50     4.50     4.50     4.50
nos_xushu                  4.50     4.50     4.50     4.50     4.50     4.50     4.50
nos_zhangchunhua           4.50     4.50     4.50     4.50     4.50     4.50     4.50
pangtong                   4.50     4.50     4.50     4.50     4.50     4.50     4.50
sp_caiwenji                4.50     4.50     4.50     4.50     4.50     4.50     4.50
tianfeng                   4.50     4.50     4.50     4.50     4.50     4.50     4.50
tw_guojia                  4.50     4.50     4.50     4.50     4.50     4.50     4.50
tw_huanggai                4.50     4.50     4.50     4.50     4.50     4.50     4.50
wz_xiaoqiao                4.50     4.50     4.50     4.50     4.50     4.50     4.50
zhangchunhua               4.50     4.50     4.50     4.50     4.50     4.50     4.50
zhonghui                   4.50     4.50     4.50     4.50     4.50     4.50     4.50
zoushi                     4.50     4.50     4.50     4.50     4.50     4.50     4.50
caizhaoji                  4.00     4.00     4.00     4.00     4.00     4.00     4.00
caohong                    4.00     4.00     4.00     4.00     4.00     4.00     4.00
diy_gongsunzan             4.00     4.00     4.00     4.00     4.00     4.00     4.00
heg_huangyueying           4.00     4.00     4.00     4.00     4.00     4.00     4.00
huangyueying               4.00     4.00     4.00     4.00     4.00     4.00     4.00
jiawenhe                   4.00     4.00     4.00     4.00     4.00     4.00     4.00
jinxuandi                  4.00     4.00     4.00     4.00     4.00     4.00     4.00
kongrong                   4.00     4.00     4.00     4.00     4.00     4.00     4.00
panfeng                    4.00     4.00     4.00     4.00     4.00     4.00     4.00
panglingming               4.00     4.00     4.00     4.00     4.00     4.00     4.00
simayi                     4.00     4.00     4.00     4.00     4.00     4.00     4.00
sp_machao                  4.00     4.00     4.00     4.00     4.00     4.00     4.00
tw_ganning                 4.00     4.00     4.00     4.00     4.00     4.00     4.00
tw_huangyueying            4.00     4.00     4.00     4.00     4.00     4.00     4.00
tw_machao                  4.00     4.00     4.00     4.00     4.00     4.00     4.00
xushu                      4.00     4.00     4.00     4.00     4.00     4.00     4.00
yangxiu                    4.00     4.00     4.00     4.00     4.00     4.00     4.00
yitianjian                 4.00     4.00     4.00     4.00     4.00     4.00     4.00
yt_caochong                4.00     4.00     4.00     4.00     4.00     4.00     4.00
yt_shencaocao              4.00     4.00     4.00     4.00     4.00     4.00     4.00
yuji                       4.00     4.00     4.00     4.00     4.00     4.00     4.00
caocao                     3.00     3.00     3.00     3.00     3.00     3.00     3.00
ganfuren                   3.00     3.00     3.00     3.00     3.00     3.00     3.00
ganning                    3.00     3.00     3.00     3.00     3.00     3.00     3.00
guanyu                     3.00     3.00     3.00     3.00     3.00     3.00     3.00
guohuai                    3.00     3.00     3.00     3.00     3.00     3.00     3.00
heg_lvbu                   3.00     3.00     3.00     3.00     3.00     3.00     3.00
huangzhong                 3.00     3.00     3.00     3.00     3.00     3.00     3.00
luxun                      3.00     3.00     3.00     3.00     3.00     3.00     3.00
lvbu                       3.00     3.00     3.00     3.00     3.00     3.00     3.00
machao                     3.00     3.00     3.00     3.00     3.00     3.00     3.00
masu                       3.00     3.00     3.00     3.00     3.00     3.00     3.00
neo_xiahoudun              3.00     3.00     3.00     3.00     3.00     3.00     3.00
shenguanyu                 3.00     3.00     3.00     3.00     3.00     3.00     3.00
sp_guanyu                  3.00     3.00     3.00     3.00     3.00     3.00     3.00
tw_luxun                   3.00     3.00     3.00     3.00     3.00     3.00     3.00
tw_lvbu                    3.00     3.00     3.00     3.00     3.00     3.00     3.00
tw_zhaoyun                 3.00     3.00     3.00     3.00     3.00     3.00     3.00
xiahoudun                  3.00     3.00     3.00     3.00     3.00     3.00     3.00
zhaoyun                    3.00     3.00     3.00     3.00     3.00     3.00     3.00
zhuran                     3.00     3.00     3.00     3.00     3.00     3.00     3.00
caoren                     0.01     0.01     0.01     0.01     0.01     0.01     0.01
caozhang                   0.01     0.01     0.01     0.01     0.01     0.01     0.01
gongsunzan                 0.01     0.01     0.01     0.01     0.01     0.01     0.01
huaxiong                   0.01     0.01     0.01     0.01     0.01     0.01     0.01
liubiao                    0.01     0.01     0.01     0.01     0.01     0.01     0.01
lvmeng                     0.01     0.01     0.01     0.01     0.01     0.01     0.01
menghuo                    0.01     0.01     0.01     0.01     0.01     0.01     0.01
st_huaxiong                0.01     0.01     0.01     0.01     0.01     0.01     0.01
st_yuanshu                 0.01     0.01     0.01     0.01     0.01     0.01     0.01
weiyan                     0.01     0.01     0.01     0.01     0.01     0.01     0.01
yujin                      0.01     0.01     0.01     0.01     0.01     0.01     0.01
zhoutai                    0.01     0.01     0.01     0.01     0.01     0.01     0.01