bgm_caoren          4.00      4.00      4.00      4.00      4.00      4.00      4.00      
bgm_daqiao          5.38      5.38      5.38      5.38      5.38      5.38      5.38      
bgm_diaochan        7.63      7.75      7.38      7.36      7.57      7.63      7.97      
bgm_ganning         6.13      6.13      6.13      6.13      6.13      6.13      6.13      
bgm_liubei          5.56      4.85      4.85      4.85      4.85      4.85      5.82      
bgm_lvmeng          2.83      4.65      5.46      5.65      5.92      4.40      3.15      
bgm_pangtong        7.70      7.70      7.70      7.70      7.70      7.70      7.70      
bgm_xiaohoudun      4.13      4.13      5.23      5.23      5.23      4.13      4.13      
bgm_zhangfei        5.00      5.00      5.00      5.00      5.00      5.00      5.00      
bgm_zhaoyun         7.63      7.75      7.38      7.36      7.57      7.63      7.97      
bulianshi           6.73      6.72      6.43      6.44      6.43      6.73      6.94      
caiwenji            6.47      5.47      4.47      4.47      4.47      5.47      6.47      
caocao              4.72      4.72      4.72      4.72      4.72      4.72      4.72      
caopi               4.97      4.28      4.64      4.45      4.75      4.44      4.77      
caoren              4.00      4.00      4.00      4.00      4.00      4.00      4.00      
caozhang            5.13      5.13      5.13      5.13      5.13      5.13      5.13      
caozhi              6.12      6.11      6.03      6.01      6.04      6.13      6.14      
chengong            7.34      7.23      7.15      7.18      7.97      7.10      7.16      
chengpu             3.00      3.00      3.00      3.00      3.00      3.00      3.00      
chenlin             6.39      6.39      6.39      6.39      6.39      6.39      6.39      
daqiao              3.09      3.34      3.82      3.74      3.86      3.40      3.56      
dengai              4.00      4.00      5.43      5.53      5.33      4.00      4.00      
dianwei             2.11      4.38      5.56      6.74      5.99      4.27      2.40      
diaochan            7.14      7.88      7.23      7.12      7.09      7.21      7.65      
dongzhuo            5.47      6.41      6.75      7.00      6.90      6.73      6.46      
erzhang             3.00      3.00      3.00      3.00      3.00      3.00      3.00      
fazheng             4.77      4.81      4.95      4.59      4.74      4.46      4.38      
ganning             4.36      5.88      5.56      5.42      5.90      5.54      6.52      
gaoshun             5.85      5.63      5.34      3.50      3.36      5.44      5.54      
gongsunzan          4.63      4.75      4.38      4.36      4.57      4.63      4.97      
guanxingzhangbao    6.38      6.40      6.52      6.43      6.52      6.67      6.62      
guanyinping         5.13      5.13      5.13      5.13      5.13      5.13      5.13      
guanyu              4.73      4.19      4.16      4.50      4.22      4.10      4.73      
guojia              4.81      4.61      5.21      5.54      5.18      4.24      4.16      
handang             4.00      4.00      4.00      4.00      4.00      4.00      4.00      
huanggai            2.80      3.13      4.06      3.77      3.18      2.97      2.38      
huangyueying        4.19      4.59      4.28      4.53      4.64      4.07      4.55      
huangzhong          4.44      4.27      4.25      4.96      4.14      4.15      4.15      
huatuo              5.90      4.14      4.93      4.88      4.98      4.31      5.34      
huaxiong            4.53      4.53      5.53      5.53      5.53      4.46      4.33      
jiangwei            5.41      6.23      6.34      6.64      6.32      6.22      5.41      
jiaxu               6.22      6.24      6.46      6.66      6.45      6.57      6.46      
liaohua             3.00      3.00      3.00      3.00      3.00      3.00      3.00      
lingtong            3.97      4.03      5.54      5.66      5.58      4.33      3.22      
liubei              6.78      6.19      5.94      5.66      5.50      5.90      6.59      
liubiao             4.93      4.93      4.93      4.93      4.93      4.93      4.93      
liushan             5.01      4.98      4.88      4.73      4.74      4.75      4.77      
lusu                6.41      6.08      5.35      5.91      5.06      6.96      6.68      
luxun               4.02      4.18      4.64      4.57      4.71      4.16      4.71      
lvbu                6.31      6.19      6.43      6.18      6.44      6.24      6.03      
lvmeng              2.83      4.65      5.46      5.65      5.92      4.40      3.15      
machao              4.98      4.04      4.32      4.23      4.27      4.13      4.93      
madai               4.38      4.40      5.12      5.12      5.12      4.67      4.62      
masu                3.38      3.40      3.52      3.43      3.52      3.67      3.62      
menghuo             4.03      4.72      4.31      4.86      4.34      4.17      4.08      
pangde              5.77      5.62      5.95      5.97      5.98      5.84      5.88      
pangtong            5.37      5.29      5.18      5.04      5.21      5.38      5.54      
shencaocao          2.00      2.00      2.00      2.00      2.00      2.00      2.00      
shenguanyu          5.00      5.00      5.00      5.00      5.00      5.00      5.00      
shenlvbu            9.00      9.00      9.00      9.00      9.00      9.00      9.00      
shenlvmeng          6.31      6.31      6.31      6.31      6.31      6.31      6.31      
shensimayi          6.13      6.13      6.13      6.13      6.13      6.13      6.13      
shenzhaoyun         3.80      3.80      3.80      3.80      3.80      3.80      3.80      
shenzhouyu          6.21      6.21      5.00      5.00      5.00      6.21      6.21      
shenzhugeliang      5.00      5.00      5.00      5.00      5.00      5.00      5.00      
simayi              4.42      4.56      4.13      4.04      4.81      4.09      4.83      
sp_guanyu           3.00      3.00      3.00      3.00      3.00      3.00      3.00      
sunce               4.00      4.00      5.31      5.32      5.31      4.00      4.00      
sunjian             4.28      4.14      4.35      4.78      4.27      4.12      4.69      
sunquan             7.34      7.34      7.34      7.34      7.34      7.34      7.34      
sunshangxiang       5.70      4.14      4.28      4.85      4.89      4.71      5.95      
taishici            6.40      6.36      6.02      6.25      6.27      6.24      6.36      
wangyi              4.00      4.00      4.00      4.00      4.00      4.00      4.00      
weiyan              4.49      4.13      4.60      4.12      4.58      4.43      4.87      
wolong              4.97      3.71      3.73      3.46      3.52      3.35      3.68      
wuguotai            6.54      6.37      6.54      6.43      6.52      6.12      6.33      
xiahouba            5.61      5.63      6.13      6.53      6.13      6.13      5.41      
xiahoudun           2.00      2.00      2.00      2.00      2.00      2.00      2.00      
xiahouyuan          6.25      6.20      6.46      6.34      6.35      6.12      6.47      
xiaoqiao            5.39      6.15      7.12      7.16      6.97      6.24      5.77      
xuchu               4.45      4.45      4.45      4.45      4.45      4.45      4.45      
xuhuang             4.00      4.00      5.13      5.13      5.13      4.00      4.00      
xunyou              6.95      6.84      6.63      6.62      6.65      6.94      7.13      
xunyu               6.91      7.61      7.77      7.54      8.24      8.33      7.98      
xusheng             6.56      5.21      5.70      5.61      5.02      5.00      6.37      
xushu               6.84      6.25      6.24      6.21      6.21      6.04      5.71      
yangxiu             3.00      3.00      3.00      3.00      3.00      3.00      3.00      
yanliangwenchou     7.94      7.27      7.66      7.76      7.77      7.72      7.88      
yuanshao            8.94      8.92      8.94      8.95      8.81      8.85      8.86      
yuanshu             8.82      8.99      8.69      8.61      8.61      8.67      8.68      
yuji                3.56      3.85      3.85      3.85      3.85      3.85      3.82      
yujin               4.00      4.00      4.00      4.00      4.00      4.00      4.00      
zhangchunhua        3.56      3.85      3.85      3.85      3.85      3.85      3.82      
zhangfei            2.43      2.83      4.54      5.23      4.46      2.72      2.49      
zhanghe             8.45      7.13      7.04      6.94      7.42      7.83      8.32      
zhangjiao           7.62      7.83      7.54      7.53      7.33      7.49      7.45      
zhangliao           8.23      8.12      7.98      7.86      7.95      8.15      8.21      
zhaoyun             3.07      3.13      3.86      3.45      3.82      3.27      3.17      
zhenji              4.85      4.85      3.00      3.00      3.00      4.65      3.85      
zhonghui            3.80      3.80      5.13      5.22      5.33      3.80      3.80      
zhoutai             2.00      2.00      2.00      2.00      2.00      2.00      2.00      
zhouyu              4.98      4.64      4.05      4.00      4.13      4.82      4.98      
zhugejin            5.00      5.00      5.00      5.00      5.00      5.00      5.00      
zhugeliang          7.67      7.55      7.40      7.44      7.41      7.43      8.33      
zhurong             4.22      5.44      5.44      5.62      5.45      5.64      4.25      
zuoci               8.00      8.00      8.00      8.00      8.00      8.00      8.00      
