          
          
          
          
          
          
bgm_caoren          5.03      5.13      6.31      6.41      6.29      5.21      4.23      
bgm_daqiao          5.38      5.38      5.38      5.38      5.38      5.38      5.38      
bgm_diaochan        3.63      3.75      3.38      3.36      3.57      3.63      3.97      
bgm_ganning         4.13      5.13      5.48      5.54      5.66      6.45      6.61      
bgm_liubei          3.56      3.85      3.85      3.85      3.85      3.85      3.82      
bgm_lvmeng          7.83      7.65      7.46      7.65      7.92      7.40      7.15      
bgm_pangtong        9.70      9.70      9.70      9.70      9.70      9.70      9.70      
bgm_xiaohoudun      4.13      4.13      5.84      5.88      5.83      4.13      4.13      
bgm_zhangfei        4.13      4.13      5.63      5.62      5.63      4.13      4.13      
bgm_zhaoyun         4.83      6.75      6.38      6.36      6.57      6.63      4.87      
bulianshi           3.43      3.83      3.54      3.86      3.53      3.72      3.49      
caiwenji            5.35      5.36      5.43      5.65      5.29      5.63      5.48      
caocao              4.13      5.43      4.44      4.11      5.45      4.37      4.42      
caopi               5.49      5.13      5.60      5.12      5.58      5.43      5.21      
caoren              4.13      4.13      6.38      6.36      6.57      6.63      4.13      
caozhang            6.33      5.95      5.79      5.63      5.74      5.94      6.21      
caozhi              5.13      6.19      6.42      6.12      6.33      6.42      5.02      
chengong            1.02      1.02      1.02      1.02      1.02      1.02      1.02      
chengpu             3.44      4.04      4.32      4.23      4.27      4.13      3.93      
chenlin             3.43      3.83      3.54      3.86      3.53      3.72      3.49      
daqiao              1.02      1.02      1.02      1.02      1.02      1.02      1.02      
dengai              6.01      6.01      6.01      6.01      6.01      6.01      6.01      
dianwei             4.43      4.83      4.54      4.86      4.53      4.72      4.49      
diaochan            6.89      6.32      6.09      6.12      6.00      7.14      7.32      
dongzhuo            4.32      4.32      5.66      5.74      5.83      4.23      4.64      
erzhang             3.43      3.83      3.54      3.86      3.53      3.72      3.49      
fazheng             5.31      5.29      5.49      5.67      5.43      5.68      5.79      
ganning             5.83      5.93      5.41      5.53      5.44      5.62      5.39      
gaoshun             5.33      5.24      5.24      5.23      5.22      5.32      5.45      
gongsunzan          5.33      5.43      5.44      5.51      5.45      5.37      5.42      
guanxingzhangbao    5.07      5.13      5.86      5.45      5.82      5.27      5.17      
guanyinping         5.13      5.22      5.20      5.12      5.11      5.09      5.03      
guanyu              3.73      2.19      2.16      2.50      2.22      2.10      3.73      
guojia              5.83      5.54      5.48      5.51      5.64      5.71      5.84      
handang             5.53      5.31      5.21      5.12      5.23      5.34      5.52      
huanggai            2.80      5.13      5.06      5.77      5.18      5.97      2.38      
huangyueying        3.19      3.59      3.28      3.53      3.64      3.07      3.55      
huangzhong          3.44      3.27      3.25      3.96      3.14      3.15      3.15      
huatuo              1.02      1.02      1.02      1.02      1.02      1.02      1.02      
huaxiong            5.38      5.48      5.68      5.88      5.58      5.48      5.28      
jiangwei            4.00      6.40      6.80      6.85      6.74      6.50      4.00      
jiaxu               6.33      6.04      6.84      6.33      6.52      6.82      6.45      
lingtong            5.73      5.84      5.78      5.63      5.74      5.87      5.77      
liubei              4.98      4.59      3.30      3.66      3.50      4.90      4.59      
liubiao             4.32      4.32      5.66      5.74      5.83      4.23      4.64      
liushan             3.41      3.08      3.35      3.21      3.06      3.96      3.08      
lusu                1.02      1.02      1.02      1.02      1.02      1.02      1.02      
luxun               3.44      3.27      3.25      3.96      3.14      3.15      3.15      
lvbu                5.13      5.43      5.44      5.11      5.45      5.37      5.42      
lvmeng              6.83      6.65      6.46      6.65      6.92      6.40      6.15      
machao              3.44      4.04      4.32      4.23      4.27      4.13      3.93      
madai               3.00      3.00      3.00      3.00      3.00      3.00      3.00      
masu                5.61      5.10      2.16      2.50      2.22      5.22      5.74      
menghuo             5.13      5.37      5.64      5.73      5.59      5.65      5.13      
pangde              4.21      4.21      5.66      5.74      5.83      3.21      3.21      
pangtong            5.54      5.63      5.43      5.21      5.21      5.63      5.61      
shencaocao          4.34      4.86      5.43      5.65      5.29      3.72      3.49      
shenguanyu          4.78      4.69      4.60      4.67      4.67      4.65      4.49      
shenlvbu            6.63      6.54      6.84      6.93      6.82      6.52      6.45      
shenlvmeng          5.35      5.36      5.43      5.65      5.29      5.63      5.48      
shensimayi          8.14      8.14      7.75      8.14      8.24      7.94      8.14      
shenzhaoyun         4.34      4.86      4.15      4.18      4.97      4.10      4.46      
shenzhouyu          6.33      6.24      6.24      6.23      6.22      6.32      6.45      
shenzhugeliang      4.49      4.45      4.40      4.56      4.57      4.54      4.67      
simayi              5.56      5.66      5.74      5.83      5.64      5.23      5.64      
sp_caiwenji         3.00      3.00      3.00      3.00      3.00      3.00      3.00      
sp_guanyu           3.00      3.00      3.00      3.00      3.00      3.00      3.00      
sp_jiaxu            3.00      3.00      3.00      3.00      3.00      3.00      3.00      
sp_machao           5.84      5.44      5.04      5.32      5.23      5.27      5.13      
sp_sunshangxiang    3.17      3.18      3.14      3.78      3.85      3.81      3.99      
sunce               5.14      5.34      5.62      5.74      5.49      5.55      5.43      
sunjian             5.34      5.64      5.44      5.74      5.85      5.13      5.02      
sunquan             8.32      8.12      7.85      7.52      7.60      7.89      8.54      
sunshangxiang       1.02      1.02      1.02      1.02      1.02      1.02      1.02      
taishici            5.34      5.26      5.43      5.65      5.29      5.23      5.28      
wangyi              4.33      5.21      5.22      5.21      5.21      5.22      4.45      
weiyan              5.49      5.13      5.60      5.12      5.58      5.43      5.21      
wolong              5.43      5.43      5.43      5.43      5.43      5.56      5.51      
wuguotai            4.39      4.15      4.80      4.56      4.97      4.24      4.97      
xiahouba            5.13      5.54      5.48      5.51      5.64      5.51      5.24      
xiahoudun           5.80      5.72      5.53      5.66      5.53      5.53      5.53      
xiahouyuan          5.43      5.13      4.15      4.18      4.97      5.09      5.56      
xiaoqiao            3.73      2.19      2.16      2.50      2.22      2.10      3.73      
xuchu               4.13      4.13      5.84      5.88      5.83      4.13      4.13      
xuhuang             3.83      3.54      5.48      5.51      5.64      3.83      3.54      
xunyou              5.44      5.37      5.84      5.83      5.09      5.43      5.48      
xunyu               3.43      3.83      3.54      3.86      3.53      3.72      3.49      
xusheng             5.43      5.45      5.53      5.42      5.48      4.12      4.22      
xushu               3.51      3.18      3.25      3.31      3.16      3.26      3.18      
yangxiu             3.21      3.21      3.21      3.21      3.21      3.21      3.21      
yanliangwenchou     5.34      5.26      5.43      5.65      5.29      5.72      5.23      
yuanshao            7.94      7.94      7.94      7.94      7.94      7.94      7.94      
yuanshu             8.99      8.99      8.99      8.99      8.99      8.99      8.99      
yuji                3.56      3.85      3.85      3.85      3.85      3.85      3.82      
yujin               5.63      5.60      5.67      5.84      5.74      5.64      5.77      
zhangchunhua        3.56      3.85      3.85      3.85      3.85      3.85      3.82      
zhangfei            4.43      4.83      4.54      4.86      4.53      4.72      4.49      
zhanghe             4.98      4.99      4.30      4.66      4.50      4.90      4.59      
zhangjiao           4.34      4.86      4.15      4.18      4.97      4.10      4.46      
zhangliao           3.43      3.83      3.54      3.86      3.53      3.72      3.49      
zhaoyun             5.07      5.13      5.31      5.25      5.22      5.27      5.17      
zhenji              3.21      3.21      3.21      3.21      3.21      3.21      3.21      
zhonghui            4.13      4.13      6.38      6.36      6.57      6.63      4.13      
zhoutai             8.99      8.99      8.99      8.99      8.99      8.99      8.99      
zhouyu              5.71      5.64      5.05      5.00      5.13      5.82      5.89      
zhugeliang          7.67      7.85      7.70      7.58      7.61      7.63      7.12      
zhurong             6.47      6.74      6.41      6.51      6.53      6.47      6.34      
zuoci               9.13      9.13      9.13      9.13      9.13      9.13      9.13      
