          
          
          
          
bgm_caoren          7.03      5.13      3.00      3.00      3.00      5.21      7.23      
bgm_daqiao          5.38      5.38      5.38      5.38      5.38      5.38      5.38      
bgm_diaochan        3.63      3.75      3.38      3.36      3.57      3.63      3.97      
bgm_ganning         5.13      6.13      6.13      6.13      6.13      6.13      5.13      
bgm_liubei          3.56      3.85      3.85      3.85      3.85      3.85      3.82      
bgm_lvmeng          2.83      4.65      5.46      5.65      5.92      4.40      3.15      
bgm_pangtong        7.70      7.70      7.70      7.70      7.70      7.70      7.70      
bgm_xiaohoudun      6.13      5.13      4.23      4.23      4.23      5.13      6.13      
bgm_zhangfei        4.13      4.13      5.63      5.62      5.63      4.13      4.13      
bgm_zhaoyun         6.83      4.75      4.38      4.36      4.57      4.63      6.87      
bulianshi           3.64      3.82      5.66      6.18      5.92      3.49      3.16      
caiwenji            2.00      2.00      5.03      5.03      5.03      2.00      2.00      
caocao              4.68      4.76      4.31      4.10      4.04      4.43      4.68      
caohong             4.65      4.44      4.34      4.27      4.36      4.52      4.18      
caopi               4.09      4.02      4.47      4.70      4.31      4.90      4.29      
caoren              4.65      3.31      3.93      3.47      3.81      3.31      4.83      
caozhang            5.14      5.41      5.63      5.65      6.34      6.05      5.20      
caozhi              5.23      5.06      4.47      4.55      4.09      4.54      5.31      
chengong            3.88      4.77      7.39      7.43      7.13      4.00      3.44      
chengpu             3.00      3.00      5.98      6.12      5.61      3.00      3.00      
chenlin             4.39      4.39      5.39      5.39      5.39      4.39      4.39      
daqiao              5.09      6.20      6.50      6.93      6.90      6.38      5.36      
dengai              6.31      5.38      5.62      5.83      5.60      5.40      5.77      
dianwei             4.65      4.32      4.69      4.09      4.50      4.81      4.66      
diaochan            4.57      4.17      6.94      7.14      6.90      4.26      4.65      
dongzhuo            4.54      6.31      5.96      6.05      6.39      7.07      7.48      
erzhang             5.32      7.43      7.74      7.88      7.86      7.84      5.43      
fazheng             6.66      6.54      6.43      6.47      6.55      6.54      6.69      
ganning             5.85      6.45      6.53      7.24      6.53      6.53      5.56      
gaoshun             3.72      5.15      6.52      7.26      6.82      5.28      4.45      
gongsunzan          4.00      4.00      4.00      4.00      4.00      4.00      4.00      
guanxingzhangbao    7.38      5.40      5.52      5.43      5.52      5.67      7.62      
guanyinping         3.13      3.13      3.13      3.13      3.13      3.13      3.13      
guanyu              4.65      4.44      4.34      4.27      4.36      4.52      4.18      
guojia              6.13      5.42      4.94      4.92      4.40      5.41      6.11      
handang             5.11      5.34      5.68      5.89      5.64      5.53      5.13      
huanggai            3.22      3.71      3.65      3.80      3.33      3.34      3.80      
huangyueying        3.10      4.10      4.16      4.13      4.63      4.48      3.86      
huangzhong          5.23      4.64      4.08      4.55      4.84      4.50      5.23      
huatuo              5.40      6.57      7.55      7.64      7.58      6.40      5.09      
huaxiong            4.65      3.00      3.00      3.00      3.00      3.00      4.65      
jiangwei            7.13      6.24      6.13      6.04      6.12      6.77      7.42      
jiaxu               4.59      4.94      4.16      4.67      4.07      4.13      4.20      
liaohua             5.21      3.00      3.00      3.00      3.00      3.00      5.18      
lingtong            4.10      6.55      6.62      6.43      6.56      6.60      6.68      
liubei              5.25      7.25      8.31      8.68      8.28      7.76      5.89      
liubiao             5.21      3.00      3.00      3.00      3.00      3.00      5.10      
liushan             4.98      6.43      7.11      7.23      7.12      6.61      4.89      
lusu                5.24      7.82      8.66      9.18      9.92      7.69      5.16      
luxun               4.50      4.51      4.24      4.04      4.05      4.06      4.91      
lvbu                4.36      4.10      4.49      4.46      4.61      4.12      4.04      
lvmeng              4.42      4.76      4.55      4.23      4.35      4.17      4.48      
machao              5.13      5.31      4.86      4.56      4.08      5.42      5.11      
madai               3.38      3.40      3.52      3.43      3.52      3.67      3.62      
masu                4.78      4.08      4.99      4.37      4.16      4.45      4.89      
menghuo             5.31      4.27      4.77      4.10      4.85      4.93      4.92      
pangde              4.30      4.19      4.20      4.25      4.29      4.74      4.36      
pangtong            5.42      6.12      6.22      6.42      6.36      6.76      5.64      
shencaocao          5.00      5.00      5.00      5.00      5.00      5.00      5.00      
shenguanyu          5.99      5.99      5.99      5.99      5.99      5.99      5.99      
shenlvbu            8.00      4.00      4.00      4.00      4.00      4.00      8.00      
shenlvmeng          7.00      7.00      7.00      7.00      7.00      7.00      7.00      
shensimayi          9.10      9.10      9.10      9.10      9.10      9.10      9.10      
shenzhaoyun         4.00      9.00      9.00      9.00      9.00      9.00      4.00      
shenzhouyu          8.00      8.00      8.00      8.00      8.00      8.00      8.00      
shenzhugeliang      7.00      7.00      7.00      7.00      7.00      7.00      7.00      
simayi              4.30      4.36      5.22      5.23      5.11      4.37      4.77      
sp_caiwenji         3.00      3.00      3.00      3.00      3.00      3.00      3.00      
sp_guanyu           3.00      3.00      3.00      3.00      3.00      3.00      3.00      
sp_jiaxu            3.00      3.00      3.00      3.00      3.00      3.00      3.00      
sp_machao           3.00      3.00      3.00      3.00      3.00      3.00      3.00      
sp_sunshangxiang    4.17      4.18      6.14      6.78      6.85      5.81      4.99      
sunce               5.42      4.00      4.00      4.00      4.00      4.00      5.31      
sunjian             5.43      4.40      4.41      4.47      4.60      4.31      5.32      
sunquan             7.84      7.68      7.68      7.68      7.68      7.68      7.68      
sunshangxiang       4.17      4.18      6.14      6.78      6.85      5.81      4.99      
taishici            7.14      7.68      7.84      7.85      7.78      7.32      7.32      
wangyi              4.00      5.31      5.65      5.43      6.42      5.31      4.00      
weiyan              5.12      4.61      4.21      4.33      4.18      4.86      5.12      
wolong              5.62      6.38      6.52      6.55      6.51      6.63      5.85      
wuguotai            4.38      5.10      6.99      6.21      6.42      5.53      4.52      
xiahouba            5.68      3.13      3.13      3.13      3.13      3.13      5.48      
xiahoudun           4.53      4.68      3.77      3.98      3.85      3.95      4.80      
xiahouyuan          4.00      5.47      6.38      6.48      6.49      5.78      4.86      
xiaoqiao            3.96      3.58      3.56      3.86      3.00      3.03      3.72      
xuchu               4.95      4.30      4.14      4.24      4.14      4.00      4.08      
xuhuang             6.58      6.59      4.05      4.76      4.97      6.36      6.13      
xunyou              4.00      4.00      7.84      7.85      7.63      4.00      4.00      
xunyu               7.14      7.51      8.76      8.78      8.65      8.21      7.38      
xusheng             3.95      3.35      3.96      3.91      3.96      3.52      3.67      
xushu               5.55      5.35      5.47      5.89      5.86      5.81      6.06      
yangxiu             2.00      2.00      2.00      2.00      2.00      2.00      2.00      
yanliangwenchou     3.38      4.75      5.09      5.71      5.77      5.92      5.05      
yuanshao            4.69      5.44      4.31      4.68      4.17      4.87      4.75      
yuanshu             8.99      8.99      8.99      8.99      8.99      8.99      8.99      
yuji                3.56      3.85      3.85      3.85      3.85      3.85      3.82      
yujin               5.31      4.01      4.00      4.47      4.95      4.36      5.33      
zhangchunhua        3.56      3.85      3.85      3.85      3.85      3.85      3.82      
zhangfei            4.10      4.28      4.77      4.97      4.67      4.40      4.19      
zhanghe             4.00      8.07      8.74      8.98      8.49      7.98      4.86      
zhangjiao           4.09      4.51      5.55      6.12      5.61      4.36      4.05      
zhangliao           7.15      7.18      8.68      8.42      8.61      7.25      7.36      
zhaoyun             5.31      4.77      4.76      4.78      4.95      4.98      5.43      
zhenji              4.73      4.05      5.34      5.62      5.22      4.76      4.14      
zhonghui            5.95      4.80      3.80      3.80      3.80      4.80      5.99      
zhoutai             6.99      6.99      6.99      6.99      6.99      6.99      6.99      
zhouyu              4.57      4.97      5.97      5.40      5.08      4.41      4.77      
zhugejin            2.00      2.00      2.00      2.00      2.00      2.00      2.00      
zhugeliang          7.76      7.56      7.75      7.51      7.68      7.83      8.15      
zhurong             5.85      4.87      4.89      4.64      4.85      4.72      5.74      
zuoci               9.00      9.00      9.00      9.00      9.00      9.00      9.00      
