aysunyang           4.00      4.00      4.00      4.00      4.00      4.00      4.00      
ayyeshiwen          4.00      4.00      4.00      4.00      4.00      4.00      4.00      
bgm_caoren          5.00      5.00      5.00      5.00      5.00      5.00      5.00      
bgm_daqiao          5.00      5.00      5.00      5.00      5.00      5.00      5.00      
bgm_diaochan        5.50      6.50      6.50      6.50      6.50      6.50      5.50      
bgm_ganning         6.00      6.00      6.00      6.00      6.00      6.00      6.00      
bgm_liubei          5.00      5.00      5.00      5.00      5.00      5.00      5.00      
bgm_lvmeng          6.00      6.00      6.00      6.00      6.00      6.00      6.00      
bgm_pangtong        5.00      5.00      5.00      5.00      5.00      5.00      5.00      
bgm_xiahoudun       6.00      6.00      6.00      6.00      6.00      6.00      6.00      
bgm_zhangfei        6.00      6.00      6.00      6.00      6.00      6.00      6.00      
bgm_zhaoyun         7.50      7.50      7.50      7.50      7.50      7.50      7.50      
bulianshi           8.00      8.00      8.00      8.00      8.00      8.00      8.00      
caiwenji            8.00      8.00      8.00      8.00      8.00      8.00      8.00      
caocao              3.00      3.00      3.00      3.00      3.00      3.00      3.00      
caohong             5.00      5.00      5.00      5.00      5.00      5.00      5.00      
caopi               5.00      5.00      5.00      5.00      5.00      5.00      5.00      
caoren              3.00      3.00      3.00      3.00      3.00      3.00      3.00      
caozhang            5.00      5.00      5.00      5.00      5.00      5.00      5.00      
caozhi              7.00      7.00      7.00      7.00      7.00      7.00      7.00      
chengong            8.50      8.50      8.50      8.50      8.50      8.50      8.50      
chengpu             6.00      6.00      6.00      6.00      6.00      6.00      6.00      
chenlin             8.50      8.50      8.50      8.50      8.50      8.50      8.50      
daqiao              9.00      9.00      9.00      9.00      9.00      9.00      9.00      
dengai              7.50      7.50      7.50      7.50      7.50      7.50      7.50      
dianwei             4.50      4.50      4.50      4.50      4.50      4.50      4.50      
diaochan            7.50      7.50      7.50      7.50      7.50      7.50      7.50      
dongzhuo            5.00      5.00      5.00      5.00      5.00      5.00      5.00      
erzhang             8.00      8.00      8.00      8.00      8.00      8.00      8.00      
fazheng             6.00      6.00      6.00      6.00      6.00      6.00      6.00      
fuhuanghou          6.00      6.00      6.00      6.00      6.00      6.00      6.00      
fuwan               6.00      6.00      6.00      6.00      6.00      6.00      6.00      
ganning             5.00      5.00      5.00      5.00      5.00      5.00      5.00      
gaoshun             7.50      7.50      7.50      7.50      7.50      7.50      7.50      
gongsunzan          2.00      2.00      2.00      2.00      2.00      2.00      2.00      
guanxingzhangbao    9.00      9.00      9.00      9.00      9.00      9.00      9.00      
guanyinping         6.00      6.00      6.00      6.00      6.00      6.00      6.00      
guanyu              4.00      4.00      4.00      4.00      4.00      4.00      4.00      
guojia              7.00      7.00      7.00      7.00      7.00      7.00      7.00      
gzdingfeng          6.00      6.00      6.00      6.00      6.00      6.00      6.00      
gzganfuren          6.00      6.00      6.00      6.00      6.00      6.00      6.00      
gzjiling            6.50      6.50      6.50      6.50      6.50      6.50      6.50      
gzkongrong          8.00      8.00      8.00      8.00      8.00      8.00      8.00      
gzluxun             5.00      5.00      5.00      5.00      5.00      5.00      5.00      
gzmateng            5.00      5.00      5.00      5.00      5.00      5.00      5.00      
gzpanfeng           4.00      4.00      4.00      4.00      4.00      4.00      4.00      
gztianfeng          6.00      6.00      6.00      6.00      6.00      6.00      6.00      
gzyuejin            6.00      6.00      6.00      6.00      6.00      6.00      6.00      
gzzoushi            8.00      8.00      8.00      8.00      8.00      8.00      8.00      
handang             5.00      5.00      5.00      5.00      5.00      5.00      5.00      
hanxiandi           6.00      6.00      6.00      6.00      6.00      6.00      6.00      
huanggai            3.00      3.00      3.00      3.00      3.00      3.00      3.00      
huangyueying        5.00      5.00      5.00      5.00      5.00      5.00      5.00      
huangzhong          4.00      4.00      4.00      4.00      4.00      4.00      4.00      
huatuo              9.00      9.00      9.00      9.00      9.00      9.00      9.00      
huaxiong            3.00      3.00      3.00      3.00      3.00      3.00      3.00      
jiangwei            7.50      7.50      7.50      7.50      7.50      7.50      7.50      
jiaxu               5.00      5.00      5.00      5.00      5.00      5.00      5.00      
jiben               6.00      6.00      6.00      6.00      6.00      6.00      6.00      
liaohua             6.00      6.00      6.00      6.00      6.00      6.00      6.00      
lingju              6.00      6.00      6.00      6.00      6.00      6.00      6.00      
lingtong            8.00      8.00      8.00      8.00      8.00      8.00      8.00      
liubei              9.00      9.00      9.00      9.00      9.00      9.00      9.00      
liubiao             5.00      5.00      5.00      5.00      5.00      5.00      5.00      
liushan             6.00      6.00      6.00      6.00      6.00      6.00      6.00      
luagongsunzan       4.00      4.00      4.00      4.00      4.00      4.00      4.00      
lualiuxie           7.50      7.50      7.50      7.50      7.50      7.50      7.50      
lusu                9.00      9.00      9.00      9.00      9.00      9.00      9.00      
luxun               3.00      3.00      3.00      3.00      3.00      3.00      3.00      
lvbu                4.00      4.00      4.00      4.00      4.00      4.00      4.00      
lvmeng              5.00      5.00      5.00      5.00      5.00      5.00      5.00      
machao              4.00      4.00      4.00      4.00      4.00      4.00      4.00      
madai               7.50      7.50      7.50      7.50      7.50      7.50      7.50      
masu                5.00      5.00      5.00      5.00      5.00      5.00      5.00      
menghuo             3.00      3.00      3.00      3.00      3.00      3.00      3.00      
mushun              6.00      6.00      6.00      6.00      6.00      6.00      6.00      
neo_caoren          4.00      4.00      4.00      4.00      4.00      4.00      4.00      
neo_gongsunzan      4.00      4.00      4.00      4.00      4.00      4.00      4.00      
neo_guanyu          4.00      4.00      4.00      4.00      4.00      4.00      4.00      
neo_xiahoudun       4.00      4.00      4.00      4.00      4.00      4.00      4.00      
neo_xuchu           4.00      4.00      4.00      4.00      4.00      4.00      4.00      
neo_zhangfei        8.50      8.50      8.50      8.50      8.50      8.50      8.50      
neo_zhaoyun         4.00      4.00      4.00      4.00      4.00      4.00      4.00      
neo_zhouyu          5.00      5.00      5.00      5.00      5.00      5.00      5.00      
nos_fazheng         5.50      5.50      5.50      5.50      5.50      5.50      5.50      
nos_lingtong        7.00      7.00      7.00      7.00      7.00      7.00      7.00      
nos_xushu           9.00      9.00      9.00      9.00      9.00      9.00      9.00      
nos_zhangchunhua    5.00      5.00      5.00      5.00      5.00      5.00      5.00      
nosfazheng          5.50      5.50      5.50      5.50      5.50      5.50      5.50      
noslingtong         7.00      7.00      7.00      7.00      7.00      7.00      7.00      
nosxushu            9.00      9.00      9.00      9.00      9.00      9.00      9.00      
noszhangchunhua     5.00      5.00      5.00      5.00      5.00      5.00      5.00      
pangde              5.00      5.00      5.00      5.00      5.00      5.00      5.00      
pangtong            6.00      6.00      6.00      6.00      6.00      6.00      6.00      
shencaocao          6.00      6.00      6.00      6.00      6.00      6.00      6.00      
shenguanyu          5.00      5.00      5.00      5.00      5.00      5.00      5.00      
shenlvbu            6.00      6.00      6.00      6.00      6.00      6.00      6.00      
shenlvmeng          6.00      6.00      6.00      6.00      6.00      6.00      6.00      
shensimayi          7.00      7.00      7.00      7.00      7.00      7.00      7.00      
shenzhaoyun         7.00      7.00      7.00      7.00      7.00      7.00      7.00      
shenzhouyu          6.00      6.00      6.00      6.00      6.00      6.00      6.00      
shenzhugeliang      6.00      6.00      6.00      6.00      6.00      6.00      6.00      
simayi              4.00      4.00      4.00      4.00      4.00      4.00      4.00      
simazhao            6.00      6.00      6.00      6.00      6.00      6.00      6.00      
sp_guanyu           3.00      3.00      3.00      3.00      3.00      3.00      3.00      
sunce               4.50      4.50      4.50      4.50      4.50      4.50      4.50      
sunjian             5.00      5.00      5.00      5.00      5.00      5.00      5.00      
sunquan             8.00      8.00      8.00      8.00      8.00      8.00      8.00      
sunshangxiang       7.00      7.00      7.00      7.00      7.00      7.00      7.00      
taishici            9.00      9.00      9.00      9.00      9.00      9.00      9.00      
wangyi              7.50      7.50      7.50      7.50      7.50      7.50      7.50      
wangyuanji          8.00      8.00      8.00      8.00      8.00      8.00      8.00      
weiyan              3.00      3.00      3.00      3.00      3.00      3.00      3.00      
wolong              7.50      7.50      7.50      7.50      7.50      7.50      7.50      
wuguotai            8.50      8.50      8.50      8.50      8.50      8.50      8.50      
xiahoudun           3.00      3.00      3.00      3.00      3.00      3.00      3.00      
xiahouyuan          4.50      4.50      4.50      4.50      4.50      4.50      4.50      
xiaoqiao            8.50      8.50      8.50      8.50      8.50      8.50      8.50      
xuchu               4.00      4.00      4.00      4.00      4.00      4.00      4.00      
xuhuang             7.00      7.00      7.00      7.00      7.00      7.00      7.00      
xunyou              5.00      5.00      5.00      5.00      5.00      5.00      5.00      
xunyu               9.00      9.00      9.00      9.00      9.00      9.00      9.00      
xusheng             7.00      7.00      7.00      7.00      7.00      7.00      7.00      
xushu               7.00      7.00      7.00      7.00      7.00      7.00      7.00      
yangxiu             4.50      4.50      4.50      4.50      4.50      4.50      4.50      
yanliangwenchou     8.50      8.50      8.50      8.50      8.50      8.50      8.50      
yuanshao            9.00      9.00      9.00      9.00      9.00      9.00      9.00      
yuanshu             8.30      8.30      8.30      8.30      8.30      8.30      8.30      
yuji                4.50      4.50      4.50      4.50      4.50      4.50      4.50      
yujin               3.00      3.00      3.00      3.00      3.00      3.00      3.00      
zhangchunhua        5.00      5.00      5.00      5.00      5.00      5.00      5.00      
zhangfei            8.00      8.00      8.00      8.00      8.00      8.00      8.00      
zhanghe             8.50      8.50      8.50      8.50      8.50      8.50      8.50      
zhangjiao           5.00      5.00      5.00      5.00      5.00      5.00      5.00      
zhangliao           6.50      6.50      6.50      6.50      6.50      6.50      6.50      
zhaoyun             4.00      4.00      4.00      4.00      4.00      4.00      4.00      
zhenji              4.00      4.00      4.00      4.00      4.00      4.00      4.00      
zhonghui            6.00      6.00      6.00      6.00      6.00      6.00      6.00      
zhoutai             3.00      3.00      3.00      3.00      3.00      3.00      3.00      
zhouyu              4.00      4.00      4.00      4.00      4.00      4.00      4.00      
zhugejin            4.50      4.50      4.50      4.50      4.50      4.50      4.50      
zhugeliang          4.00      4.00      4.00      4.00      4.00      4.00      4.00      
zhurong             4.50      4.50      4.50      4.50      4.50      4.50      4.50      
zuoci               7.50      7.50      7.50      7.50      7.50      7.50      7.50      
