aysunyang           7.60      7.60      7.60      7.60      7.60      7.60      7.60      
ayyeshiwen          4.50      4.50      4.50      4.50      4.50      4.50      4.50      
bgm_caoren          5.63      5.23      5.31      5.21      5.29      5.21      5.63      
bgm_daqiao          5.38      5.38      5.38      5.38      5.38      5.38      5.38      
bgm_diaochan        6.63      3.75      3.38      3.36      3.57      3.63      6.27      
bgm_ganning         5.73      5.63      5.48      5.54      5.66      5.45      5.61      
bgm_liubei          4.56      3.85      3.85      3.85      3.85      3.85      4.42      
bgm_lvmeng          5.83      5.65      6.46      6.45      6.42      5.40      5.15      
bgm_pangtong        1.70      1.70      1.70      1.70      1.70      1.70      1.70      
bgm_xiaohoudun      5.63      4.13      4.64      4.68      4.63      4.13      5.63      
bgm_zhangfei        6.13      4.13      5.63      5.62      5.63      4.13      6.13      
bgm_zhaoyun         6.23      4.75      4.38      4.36      4.57      4.63      6.27      
bulianshi           6.43      6.43      7.54      7.86      7.53      6.42      6.49      
caiwenji            5.35      5.36      5.43      5.45      5.29      5.63      5.48      
caocao              4.13      4.43      4.44      4.11      5.45      4.37      4.42      
caohong             3.21      3.21      3.21      3.21      3.21      3.21      3.21      
caopi               7.49      6.13      6.20      6.12      6.28      6.43      7.21      
caoren              4.13      4.13      4.38      4.36      4.57      4.63      4.13      
caozhang            5.53      5.55      5.59      5.53      5.54      5.54      5.51      
caozhi              6.13      5.49      4.42      4.42      4.33      5.42      6.22      
chengong            5.72      6.12      6.52      6.72      6.62      6.22      5.72      
chengpu             3.44      4.04      5.32      5.23      5.27      4.13      3.93      
chenlin             3.43      5.93      6.84      6.86      6.83      5.92      3.49      
daqiao              6.02      6.02      6.02      6.02      6.02      6.02      6.82      
dengai              5.71      5.61      5.61      5.61      5.61      5.61      5.71      
dianwei             5.83      4.83      4.54      4.86      4.53      4.72      5.89      
diaochan            6.89      7.32      7.09      7.12      7.00      7.14      6.32      
dingfeng            5.62      5.62      5.62      5.62      5.62      5.62      5.82      
diy_gongsunzan      6.04      6.06      6.05      6.08      6.07      6.00      6.06      
diy_liuxie          4.32      4.32      5.46      5.44      5.43      4.23      4.64      
diy_simazhao        5.93      4.64      4.48      4.51      4.64      4.61      4.94      
diy_wangyuanji      7.34      5.86      4.15      4.18      4.97      5.10      7.46      
dongzhuo            5.52      4.32      4.66      4.74      4.83      4.23      5.54      
erzhang             6.03      6.83      7.54      7.86      7.53      6.72      6.09      
fazheng             5.61      5.49      5.49      5.67      5.43      5.48      5.69      
fuhuanghou          5.02      5.02      5.02      5.02      5.02      5.02      5.02      
fuwan               5.12      5.22      5.32      5.42      5.32      5.42      5.22      
ganfuren            1.02      1.02      1.02      1.02      1.02      1.02      1.02      
ganning             5.83      5.83      5.41      5.53      5.44      5.62      5.39      
gaoshun             5.33      5.84      5.84      5.83      5.82      5.82      5.45      
gongsunzan          4.33      4.43      4.44      4.51      4.45      4.37      4.42      
guanxingzhangbao    7.57      5.13      5.86      5.45      5.82      5.27      7.57      
guanyinping         5.13      4.92      4.20      4.12      4.11      4.99      5.03      
guanyu              3.73      2.19      2.16      2.50      2.22      2.10      3.73      
guojia              5.83      4.44      4.48      4.51      4.44      4.41      5.84      
handang             5.53      6.31      6.21      6.12      6.23      6.34      5.52      
hanxiandi           6.02      6.72      6.72      6.72      6.72      6.72      6.02      
heg_luxun           3.43      6.63      6.44      6.26      6.23      6.22      3.49      
huanggai            2.80      4.13      5.06      5.27      5.18      5.47      4.38      
huangyueying        3.19      3.59      3.28      3.53      3.64      3.07      3.55      
huangzhong          5.44      3.27      3.25      3.96      3.14      3.15      5.15      
huatuo              1.02      1.02      5.02      5.02      5.02      1.02      1.02      
huaxiong            5.08      4.48      4.68      4.88      4.58      4.48      5.08      
jiangwei            7.60      6.88      6.80      6.85      6.74      6.80      7.60      
jiaxu               6.33      6.04      6.04      6.03      6.02      6.02      6.95      
jiben               5.02      5.02      5.02      5.02      5.02      5.02      5.02      
jiling              5.72      5.52      5.52      5.52      5.52      5.52      5.72      
kongrong            5.02      5.02      5.02      5.02      5.02      5.02      5.02      
liaohua             5.51      4.10      2.16      2.50      2.22      4.22      5.54      
lingju              5.02      5.02      5.02      5.02      5.02      5.02      5.02      
lingtong            5.73      5.24      5.28      5.23      5.24      5.27      5.77      
liubei              5.98      6.89      7.80      7.86      7.80      6.90      5.59      
liubiao             5.32      4.32      4.66      4.74      4.83      4.23      5.34      
liushan             3.41      6.68      6.65      6.61      6.66      6.56      3.08      
lusu                8.02      8.02      8.32      8.42      8.22      6.02      6.02      
luxun               3.44      3.27      3.25      3.96      3.14      3.15      3.15      
lvbu                5.13      4.43      4.44      4.11      4.45      4.37      5.42      
lvmeng              4.83      4.65      4.46      4.65      4.92      4.40      4.15      
machao              3.44      4.04      4.32      4.23      4.27      4.13      3.93      
madai               3.00      3.00      3.00      3.00      3.00      3.00      3.00      
masu                4.51      4.10      4.16      2.50      2.22      4.22      4.54      
mateng              5.54      5.56      5.55      5.58      5.57      5.50      5.56      
menghuo             4.13      4.37      4.64      4.73      4.69      4.65      4.13      
mushun              5.02      4.02      4.02      4.02      4.02      4.02      5.02      
neo_caoren          5.50      4.97      4.64      5.02      4.67      4.98      5.55      
neo_gongsunzan      5.08      4.22      4.64      4.78      4.59      4.98      5.30      
neo_guanyu          5.53      4.29      4.26      4.60      4.32      4.20      5.53      
neo_xiahoudun       5.07      5.80      5.02      5.84      5.82      5.40      5.05      
neo_xuchu           5.46      4.00      4.11      4.88      4.23      4.46      5.75      
neo_zhangfei        5.44      5.93      4.24      4.26      4.23      4.82      5.50      
neo_zhaoyun         5.17      4.03      4.06      4.05      4.02      4.07      5.07      
neo_zhoutai         5.26      4.62      4.63      4.70      4.49      4.33      5.60      
neo_zhouyu          5.01      4.94      4.45      4.40      4.53      4.42      5.49      
nos_fazheng         5.67      5.61      5.65      5.69      5.64      5.66      5.68      
nos_handang         4.22      4.15      4.92      4.96      4.12      4.28      4.45      
nos_lingtong        5.58      4.04      4.55      4.47      4.39      4.64      5.53      
nos_xushu           6.55      6.56      6.65      6.72      6.72      6.95      6.72      
nos_zhangchunhua    5.56      4.06      4.16      4.28      4.06      4.16      5.04      
panfeng             5.02      4.02      4.02      4.02      4.02      4.02      5.02      
pangde              4.21      4.21      4.66      4.74      4.83      4.21      3.21      
pangtong            5.54      5.53      5.53      5.51      5.51      5.53      5.51      
shencaocao          1.34      1.86      1.43      1.65      1.29      1.72      1.49      
shenguanyu          6.99      4.99      4.99      4.99      4.99      4.99      6.99      
shenlvbu            5.13      5.14      5.14      5.13      5.12      5.12      5.15      
shenlvmeng          5.35      5.36      6.43      6.65      6.29      5.63      5.48      
shensimayi          8.14      8.14      7.75      8.14      8.24      7.94      8.14      
shenzhaoyun         5.34      5.86      6.15      6.18      6.57      5.10      5.46      
shenzhouyu          6.03      6.04      6.04      6.03      6.02      6.02      6.05      
shenzhugeliang      5.49      5.45      5.40      5.56      5.57      5.54      5.67      
simayi              5.56      5.66      5.74      5.83      5.64      5.23      5.64      
sp_guanyu           3.00      3.00      3.00      3.00      3.00      3.00      3.00      
sunce               5.54      4.34      4.62      4.74      4.59      4.55      5.43      
sunjian             5.84      5.04      5.04      5.04      5.05      5.03      5.92      
sunquan             7.52      7.52      7.55      7.52      7.50      7.59      7.54      
sunshangxiang       1.02      6.22      6.62      6.62      6.62      6.52      1.02      
taishici            6.34      6.26      7.43      7.65      7.29      6.23      6.28      
tianfeng            1.02      1.02      1.02      1.02      1.02      1.02      1.02      
wangyi              5.53      5.51      5.52      5.51      5.51      5.52      5.55      
weiyan              4.49      4.13      4.60      4.12      4.58      4.43      4.21      
wolong              5.53      5.53      5.73      5.73      5.73      5.56      5.51      
wuguotai            6.39      6.15      5.90      5.96      5.97      6.24      6.97      
xiahouba            6.13      5.54      4.48      4.51      4.64      5.51      6.24      
xiahoudun           4.80      4.72      4.53      4.66      4.53      4.53      4.53      
xiahouyuan          5.63      5.13      6.05      6.08      6.07      5.09      5.56      
xiaoqiao            3.73      2.19      2.16      2.50      2.22      2.10      3.73      
xuchu               4.13      4.13      4.84      4.88      4.83      4.13      4.13      
xuhuang             5.83      5.74      4.48      4.51      4.64      5.73      5.84      
xunyou              5.44      5.37      6.84      6.83      6.89      5.43      5.48      
xunyu               6.43      7.83      7.54      7.86      7.53      7.72      6.49      
xusheng             5.43      4.45      4.53      4.42      4.48      4.12      5.22      
xushu               6.51      6.88      6.85      6.31      6.86      6.26      6.18      
yangxiu             3.21      3.21      3.21      3.21      3.21      3.21      3.21      
yanliangwenchou     1.34      1.26      1.43      1.65      1.29      1.72      1.23      
yuanshao            5.94      5.94      5.94      5.94      5.94      5.94      5.94      
yuanshu             8.99      8.99      8.99      8.99      8.99      8.99      8.99      
yuejin              6.07      6.13      6.86      6.85      6.82      6.27      6.17      
yuji                1.02      1.02      1.02      1.02      1.02      1.02      1.02      
yujin               4.63      4.60      4.67      4.84      4.74      4.64      4.77      
zhangchunhua        5.02      1.02      1.02      1.02      1.02      1.02      5.02      
zhangfei            5.03      4.83      4.54      4.86      4.53      4.72      5.09      
zhanghe             6.98      6.99      6.30      6.66      7.50      8.90      8.59      
zhangjiao           4.34      4.86      5.55      5.58      5.57      4.10      4.46      
zhangliao           8.43      8.83      8.54      8.86      8.53      8.72      8.49      
zhaoyun             5.07      4.13      4.31      4.25      4.22      4.27      4.17      
zhenji              5.21      4.21      3.21      3.21      3.21      4.21      5.21      
zhonghui            5.63      5.13      4.38      4.36      4.57      5.63      5.63      
zhoutai             4.99      4.99      4.99      4.99      4.99      4.99      4.99      
zhouyu              5.41      5.44      5.05      5.00      5.13      5.42      5.49      
zhugeliang          7.67      7.85      7.70      7.58      7.61      7.63      7.92      
zhurong             5.67      4.74      4.41      4.51      4.53      4.47      5.64      
zoushi              1.02      1.02      1.02      1.02      1.02      1.02      1.02      
zuoci               9.13      9.13      9.13      9.13      9.13      9.13      9.13      
