aysunyang           7.90      7.90      7.90      7.90      7.90      7.90      7.90      
ayyeshiwen          4.40      4.40      4.40      4.40      4.40      4.40      4.40      
bgm_caoren          4.03      4.13      4.31      4.41      4.29      4.21      4.23      
bgm_daqiao          4.38      4.38      4.38      4.38      4.38      4.38      4.38      
bgm_diaochan        3.63      3.75      4.38      4.36      4.57      3.63      3.97      
bgm_ganning         4.13      4.13      4.48      4.54      4.66      4.45      4.61      
bgm_liubei          5.96      5.95      5.95      5.95      5.95      5.95      5.92      
bgm_lvmeng          6.33      6.35      6.36      6.35      6.32      6.30      6.35      
bgm_pangtong        1.70      1.70      1.70      1.70      1.70      1.70      1.70      
bgm_xiaohoudun      4.13      4.13      4.84      4.88      4.83      4.13      4.13      
bgm_zhangfei        4.13      4.13      4.63      4.62      4.63      4.13      4.13      
bgm_zhaoyun         4.83      4.55      4.58      4.56      4.57      4.63      4.87      
bulianshi           7.93      7.93      7.94      7.96      7.93      7.92      7.99      
caiwenji            5.35      5.36      5.43      5.65      5.29      5.63      5.48      
caocao              4.43      4.43      4.44      4.41      4.44      4.37      4.42      
caohong             3.21      3.21      3.21      3.21      3.21      3.21      3.21      
caopi               5.49      5.13      5.60      5.12      5.58      5.43      5.21      
caoren              4.13      4.13      6.38      6.36      6.47      6.63      4.13      
caozhang            5.43      5.45      5.49      5.43      5.44      5.44      5.41      
caozhi              5.13      5.19      5.42      5.12      5.33      5.42      5.02      
chengong            6.52      6.32      6.02      6.02      6.02      6.32      6.52      
chengpu             3.44      4.04      4.32      4.23      4.27      4.13      3.93      
chenlin             6.43      6.83      5.54      5.46      5.53      6.72      6.49      
daqiao              1.02      1.02      1.02      1.02      1.02      1.02      1.02      
dengai              4.01      4.01      4.01      4.01      4.01      4.01      4.01      
dianwei             4.43      4.83      4.54      4.86      4.53      4.72      4.49      
diaochan            8.49      8.32      8.09      8.12      8.00      8.14      8.32      
dingfeng            5.02      5.02      5.02      5.02      5.02      5.02      5.02      
diy_gongsunzan      5.94      5.96      5.95      5.98      5.97      5.90      5.96      
diy_liuxie          4.32      4.32      4.66      4.74      4.83      4.23      4.64      
diy_simazhao        5.83      5.84      5.88      5.81      5.84      5.81      5.84      
diy_wangyuanji      4.34      4.86      5.15      5.18      5.97      4.10      4.46      
dongzhuo            4.32      4.32      5.26      5.24      5.23      5.23      5.24      
erzhang             7.43      7.83      6.54      6.66      6.53      7.72      7.49      
fazheng             5.31      5.29      5.49      5.67      5.43      5.68      5.79      
fuhuanghou          5.12      5.12      5.12      5.12      5.12      5.12      5.12      
fuwan               5.12      5.22      5.32      5.42      5.32      5.42      5.22      
ganfuren            1.02      1.02      1.02      1.02      1.02      1.02      1.02      
ganning             5.83      5.93      5.41      5.53      5.44      5.62      5.39      
gaoshun             5.93      5.84      5.24      5.23      5.22      5.82      5.95      
gongsunzan          4.33      4.43      4.44      4.41      4.44      4.37      4.42      
guanxingzhangbao    5.07      5.93      5.96      5.95      5.92      5.97      5.17      
guanyinping         5.13      5.22      5.20      5.12      5.11      5.09      5.03      
guanyu              3.73      2.19      2.16      2.40      2.22      2.10      3.73      
guojia              4.83      4.54      5.48      5.51      5.64      4.71      4.84      
handang             5.93      5.91      5.91      5.92      5.93      5.94      5.92      
hanxiandi           7.82      7.82      7.62      7.52      7.52      7.62      7.82      
heg_luxun           5.43      5.83      5.54      5.86      5.53      5.72      5.49      
huanggai            2.80      4.43      4.46      4.77      4.18      4.47      2.38      
huangyueying        3.19      3.49      3.28      3.43      3.64      3.07      3.44      
huangzhong          3.44      4.27      4.25      4.96      4.14      4.15      3.15      
huatuo              1.02      1.02      1.02      1.02      1.02      1.02      1.02      
huaxiong            4.38      4.48      4.68      4.88      4.48      4.48      4.28      
jiangwei            4.00      7.40      7.80      7.85      7.74      7.50      4.00      
jiaxu               4.33      4.04      4.84      4.33      4.52      4.82      4.45      
jiben               5.02      5.02      5.02      5.02      5.02      5.02      5.02      
jiling              5.62      5.32      5.62      5.62      5.62      5.32      5.62      
kongrong            1.02      1.02      1.02      1.02      1.02      1.02      1.02      
liaohua             4.61      4.10      2.16      2.40      2.22      4.22      4.74      
lingju              4.02      4.02      4.02      4.02      4.02      4.02      4.02      
lingtong            5.43      5.64      5.78      5.63      5.74      5.67      5.47      
liubei              6.98      6.89      6.30      6.66      6.50      6.90      6.99      
liubiao             4.32      4.32      4.66      4.74      4.83      4.23      4.64      
liushan             6.41      6.08      5.45      5.41      5.56      5.96      6.08      
lusu                8.02      8.02      8.02      8.02      8.02      8.02      8.02      
luxun               3.44      3.27      3.24      3.96      3.14      3.14      3.14      
lvbu                4.13      4.43      4.44      4.11      4.44      4.37      4.42      
lvmeng              4.83      4.64      4.46      4.64      4.92      4.40      4.14      
machao              3.44      4.04      4.32      4.23      4.27      4.13      3.93      
madai               3.00      3.00      3.00      3.00      3.00      3.00      3.00      
masu                4.61      4.10      2.16      2.40      2.22      4.22      4.74      
mateng              5.34      5.86      5.15      5.18      5.97      5.10      5.46      
menghuo             4.13      4.37      4.64      4.73      4.69      4.64      4.13      
mushun              4.02      4.02      4.02      4.02      4.02      4.02      4.02      
neo_caoren          4.10      4.97      4.64      4.02      4.67      4.98      4.84      
neo_gongsunzan      4.08      4.22      4.64      4.78      4.49      4.98      4.30      
neo_guanyu          4.23      4.29      4.26      4.20      4.32      4.20      4.23      
neo_xiahoudun       4.07      4.80      4.02      4.84      4.82      4.40      4.04      
neo_xuchu           4.46      4.00      4.11      4.48      4.23      4.46      4.44      
neo_zhangfei        2.44      2.93      3.64      2.96      3.63      2.82      2.40      
neo_zhaoyun         4.17      4.03      4.06      4.04      4.02      4.07      4.07      
neo_zhoutai         4.26      4.62      4.63      4.70      4.49      4.33      4.60      
neo_zhouyu          5.01      5.94      5.24      5.20      5.23      5.22      5.29      
nos_fazheng          4.67      4.81      4.74      4.39      4.64      4.36      4.38      
nos_handang          4.22      4.14      4.92      4.96      4.12      4.28      4.44      
nos_lingtong         4.08      4.04      4.44      4.47      4.39      4.44      4.43      
nos_xushu            6.44      6.46      6.64      6.72      6.72      6.94      6.72      
nos_zhangchunhua     4.46      4.06      4.16      4.28      4.06      4.16      4.04      
panfeng             4.02      4.02      4.02      4.02      4.02      4.02      4.02      
pangde              4.21      4.21      4.66      4.74      4.83      4.21      4.21      
pangtong            5.44      5.43      5.43      5.41      5.41      5.43      5.41      
shencaocao          4.34      4.86      5.43      5.65      5.29      3.72      3.49      
shenguanyu          4.78      4.69      4.60      4.67      4.67      4.65      4.49      
shenlvbu            4.63      4.54      4.84      4.93      4.82      4.52      4.45      
shenlvmeng          6.35      6.36      6.43      6.65      6.29      6.63      6.48      
shensimayi          8.14      8.14      8.75      8.14      8.24      7.94      8.14      
shenzhaoyun         6.34      6.86      6.15      6.18      6.97      6.10      6.46      
shenzhouyu          6.33      6.24      6.24      6.23      6.22      6.32      6.45      
shenzhugeliang      5.49      5.45      5.40      5.56      5.57      5.54      5.67      
simayi              4.56      4.66      4.74      4.83      4.64      4.23      4.64      
sp_guanyu           3.00      3.00      3.00      3.00      3.00      3.00      3.00      
sunce               4.64      4.64      4.62      4.74      4.69      4.64      4.63      
sunjian             5.24      5.24      5.24      5.24      5.25      5.23      5.22      
sunquan             8.32      8.12      8.85      8.52      8.60      8.89      8.54      
sunshangxiang       6.92      6.92      6.92      6.92      6.92      6.92      6.92      
taishici            6.34      6.26      5.83      5.85      5.89      6.23      6.28      
tianfeng            1.02      1.02      1.02      1.02      1.02      1.02      1.02      
wangyi              4.33      5.71      5.72      5.81      5.81      5.82      4.45      
weiyan              4.49      4.13      4.60      4.12      4.48      4.43      4.21      
wolong              5.43      5.43      5.43      5.43      5.43      5.46      5.41      
wuguotai            5.99      6.45      6.40      6.46      6.47      6.44      5.97      
xiahouba            5.13      6.54      6.48      6.51      6.64      6.51      5.24      
xiahoudun           4.10      4.72      4.43      4.66      4.43      4.43      4.43      
xiahouyuan          5.73      5.73      4.15      4.18      4.97      5.79      5.76      
xiaoqiao            3.73      2.19      2.16      2.40      2.22      2.10      3.73      
xuchu               4.13      4.13      4.84      4.88      4.83      4.13      4.13      
xuhuang             3.83      3.54      5.78      5.71      5.74      3.83      3.54      
xunyou              7.44      7.37      7.64      7.63      7.09      7.43      7.48      
xunyu               8.43      8.83      8.54      8.86      8.53      8.72      8.49      
xusheng             4.43      4.45      4.53      4.42      4.48      4.12      4.22      
xushu               6.01      6.08      6.05      6.01      6.09      6.06      6.08      
yangxiu             3.21      3.21      3.21      3.21      3.21      3.21      3.21      
yanliangwenchou     5.64      5.66      5.53      5.65      5.59      5.52      5.63      
yuanshao            4.94      4.94      4.94      4.94      4.94      4.94      4.94      
yuanshu             8.99      8.99      8.99      8.99      8.99      8.99      8.99      
yuejin              5.87      5.83      5.86      5.85      5.82      5.87      5.87      
yuji                1.02      1.02      1.02      1.02      1.02      1.02      1.02      
yujin               4.63      4.60      4.67      4.84      4.74      4.64      4.77      
zhangchunhua        1.02      1.02      1.02      1.02      1.02      1.02      1.02      
zhangfei            4.43      4.83      4.54      4.86      4.53      4.72      4.49      
zhanghe             7.98      7.99      8.30      8.66      8.50      8.90      8.59      
zhangjiao           4.34      4.86      4.15      4.18      4.97      4.10      4.46      
zhangliao           8.43      8.83      8.54      8.86      8.53      8.72      8.49      
zhaoyun             4.07      4.13      5.31      5.25      5.22      4.27      4.17      
zhenji              5.21      5.21      5.21      3.21      5.21      5.21      5.21      
zhonghui            4.13      4.13      4.38      4.36      4.47      4.63      4.13      
zhoutai             4.99      4.99      4.99      4.99      4.99      4.99      4.99      
zhouyu              5.21      5.24      5.25      5.20      5.23      5.22      5.29      
zhugeliang          8.67      8.85      8.70      8.58      8.61      8.63      8.82      
zhurong             5.27      5.24      5.21      5.21      5.23      5.27      5.24      
zoushi              1.02      1.02      1.02      1.02      1.02      1.02      1.02      
zuoci               7.13      7.13      7.13      7.13      7.13      7.13      7.13      
