aysunyang           7.00      7.00      7.00      7.00      7.00      7.00      7.00      
ayyeshiwen          4.40      4.40      4.40      4.40      4.40      4.40      4.40      
bulianshi           5.43      7.83      7.54      7.86      7.53      7.72      5.49      
caiwenji            5.35      5.36      5.43      5.65      5.29      5.63      5.48      
caocao              4.13      4.43      4.44      4.11      4.44      4.37      4.42      
caohong             3.21      3.21      3.21      3.21      3.21      3.21      3.21      
caopi               6.89      6.63      6.60      6.62      6.68      6.63      6.61      
caoren              4.13      4.13      4.38      4.36      4.47      4.63      4.13      
caozhang            5.23      5.25      5.29      5.23      5.24      5.24      5.21      
caozhi              6.13      6.19      5.42      5.12      5.33      5.42      6.02      
chengong            5.52      6.12      6.52      6.72      6.62      6.22      5.52      
chengpu             3.44      4.04      4.32      4.23      4.27      4.13      3.93      
chenlin             3.43      5.83      6.54      6.86      6.53      5.72      3.49      
daqiao              6.02      6.02      6.02      6.02      6.02      6.02      6.82      
dengai              5.71      5.61      5.61      5.61      5.61      5.61      5.71      
dianwei             5.83      4.83      4.54      4.86      4.53      4.72      5.89      
diaochan            7.59      7.32      7.59      7.42      7.40      7.44      7.42      
dingfeng            5.02      5.02      6.02      6.02      6.02      5.02      5.02      
diy_gongsunzan      5.04      6.06      6.05      6.08      6.07      6.00      5.06      
diy_liuxie          4.32      4.32      5.66      5.74      5.83      4.23      4.64      
diy_simazhao        5.93      5.64      5.48      5.51      5.64      5.61      5.94      
diy_wangyuanji      7.34      5.86      4.15      4.18      4.97      5.10      7.46      
dongzhuo            5.32      4.32      4.66      4.74      4.83      4.23      5.64      
erzhang             5.63      6.83      7.54      7.86      7.53      6.72      5.69      
fazheng             5.61      5.29      5.49      5.67      5.43      5.68      5.69      
fuhuanghou          1.02      1.02      1.02      1.02      1.02      1.02      1.02      
fuwan               5.12      5.22      5.32      5.42      5.32      5.42      5.22      
ganfuren            1.02      1.02      1.02      1.02      1.02      1.02      1.02      
ganning             5.83      5.93      5.41      5.53      5.44      5.62      5.39      
gaoshun             5.33      5.74      5.74      5.73      5.72      5.72      5.45      
guanxingzhangbao    7.57      5.13      5.86      5.45      5.82      5.27      7.57      
guanyinping         5.13      5.22      5.20      5.12      5.11      5.09      5.03      
guanyu              3.73      2.19      2.16      2.40      2.22      2.10      3.73      
guojia              5.83      5.44      5.48      5.51      5.44      5.41      5.54      
handang             5.53      6.31      6.21      6.12      6.23      6.34      5.52      
hanxiandi           5.02      6.72      6.72      6.72      6.72      6.72      5.02      
heg_luxun           3.43      6.23      6.54      6.86      6.53      6.22      3.49      
huanggai            2.80      4.13      4.06      4.27      4.18      4.47      4.38      
huangyueying        3.19      3.49      3.28      3.43      3.64      3.07      3.44      
huangzhong          4.44      3.27      3.25      3.96      3.14      3.15      3.15      
huatuo              1.02      1.02      1.02      1.02      1.02      1.02      1.02      
jiangwei            7.60      6.88      6.80      6.85      6.74      6.80      7.60      
jiaxu               6.33      6.44      6.84      6.53      6.72      6.72      6.75      
jiben               1.02      1.02      1.02      1.02      1.02      1.02      1.02      
jiling              5.02      5.32      5.72      5.72      5.72      5.32      5.02      
kongrong            1.02      1.02      1.02      1.02      1.02      1.02      1.02      
liaohua             4.61      4.10      2.16      2.40      2.22      4.22      4.74      
lingju              1.02      1.02      1.02      1.02      1.02      1.02      1.02      
lingtong            5.73      5.24      5.28      5.23      5.24      5.27      5.77      
liubei              5.98      6.89      7.80      7.86      7.80      6.90      5.59      
liubiao             5.32      4.32      5.66      5.74      5.83      4.23      5.34      
liushan             3.41      6.68      6.65      6.61      6.66      6.56      3.08      
lusu                5.02      6.02      8.32      8.42      8.22      6.02      5.02      
luxun               3.44      3.27      3.24      3.96      3.14      3.14      3.14      
lvbu                4.13      4.43      4.44      4.11      4.44      4.37      4.42      
lvmeng              4.83      4.64      4.46      4.64      4.92      4.40      4.14      
machao              3.44      4.04      4.32      4.23      4.27      4.13      3.93      
madai               3.00      3.00      3.00      3.00      3.00      3.00      3.00      
masu                4.41      4.10      4.16      2.40      2.22      4.22      4.44      
mateng              5.64      5.86      5.65      5.68      5.67      5.60      5.66      
menghuo             4.13      4.37      4.64      4.73      4.69      4.64      4.13      
mushun              4.02      4.02      4.02      4.02      4.02      4.02      4.02      
neo_caoren          4.10      4.97      4.64      4.02      4.67      4.98      4.84      
neo_gongsunzan      4.08      4.22      4.64      4.78      4.49      4.98      4.30      
neo_guanyu          4.83      4.29      4.26      4.60      4.32      4.20      4.83      
neo_xiahoudun       4.07      4.80      4.02      4.84      4.82      4.40      4.04      
neo_xuchu           2.46      4.00      4.11      4.88      4.23      4.46      3.74      
neo_zhangfei        2.44      2.93      4.24      4.26      4.23      2.82      2.40      
neo_zhaoyun         4.17      4.03      4.06      4.04      4.02      4.07      4.07      
neo_zhoutai         4.26      4.62      4.63      4.70      4.49      4.33      4.60      
neo_zhouyu          4.01      4.94      4.44      4.40      4.43      6.42      4.49      
nos_fazheng         4.67      4.61      4.64      4.69      4.64      4.66      4.68      
nos_handang         4.22      4.14      4.92      4.96      4.12      4.28      4.44      
nos_lingtong        4.08      6.04      4.44      4.47      4.39      4.64      4.93      
nos_xushu           2.44      2.46      2.64      2.72      2.72      2.94      2.72      
nos_zhangchunhua    4.46      4.06      4.16      4.28      4.06      4.16      4.04      
panfeng             4.02      4.02      4.02      4.02      4.02      4.02      4.02      
pangde              4.21      4.21      4.66      4.74      4.83      4.21      3.21      
pangtong            5.74      5.73      5.73      5.71      5.71      5.73      5.71      
shencaocao          4.34      4.86      5.43      5.65      5.29      3.72      3.49      
shenguanyu          5.99      5.99      5.99      5.99      5.99      5.99      5.99      
shenlvbu            5.63      5.54      5.64      5.63      5.62      5.52      5.45      
shenlvmeng          5.35      5.36      6.43      6.65      6.29      5.63      5.48      
shensimayi          8.14      8.14      7.75      8.14      8.24      7.94      8.14      
shenzhaoyun         5.34      5.86      6.15      6.18      6.57      5.10      5.46      
shenzhouyu          6.03      6.04      6.04      6.03      6.02      6.02      6.05      
shenzhugeliang      5.49      5.45      5.40      5.56      5.57      5.54      5.67      
simayi              5.56      5.66      5.74      5.83      5.64      5.23      5.64      
sp_guanyu           3.00      3.00      3.00      3.00      3.00      3.00      3.00      
sunce               4.14      4.34      4.62      4.74      4.49      4.44      4.43      
sunjian             5.84      5.64      5.84      5.84      5.85      5.83      5.92      
sunquan             8.32      8.12      7.85      7.52      7.60      7.89      8.54      
sunshangxiang       1.02      6.22      6.62      6.62      6.62      6.52      1.02      
taishici            6.34      6.26      7.43      7.65      7.29      6.23      6.28      
tianfeng            1.02      1.02      1.02      1.02      1.02      1.02      1.02      
wangyi              5.33      5.51      5.52      5.51      5.51      5.52      5.45      
weiyan              4.49      4.13      4.60      4.12      4.48      4.43      4.21      
wolong              5.53      5.53      5.73      5.73      5.73      5.56      5.51      
wuguotai            6.39      6.15      5.80      5.56      5.97      6.24      6.97      
xiahouba            6.13      5.54      5.48      5.51      5.64      5.51      6.24      
xiahoudun           4.80      4.72      4.43      4.66      4.43      4.43      4.43      
xiahouyuan          5.63      5.13      6.05      6.08      6.07      5.09      5.56      
xiaoqiao            3.73      2.19      2.16      2.40      2.22      2.10      3.73      
xuhuang             3.83      3.54      5.48      5.51      5.64      3.83      3.54      
xunyou              5.44      5.37      6.84      6.83      7.09      5.43      5.48      
xunyu               6.43      7.83      7.54      7.86      7.53      7.72      6.49      
xusheng             5.43      4.45      4.53      4.42      4.48      4.12      5.22      
xushu               3.51      6.88      6.85      6.31      6.86      6.26      3.18      
yanliangwenchou     5.34      5.26      5.43      5.65      5.29      5.72      5.23      
yuanshao            6.23      6.23      6.23      6.23      6.23      6.23      6.23      
yuanshu             8.99      8.99      8.99      8.99      8.99      8.99      8.99      
yuejin              5.07      5.13      6.86      6.85      6.82      5.27      5.17      
yuji                1.02      1.02      1.02      1.02      1.02      1.02      1.02      
yujin               4.63      4.60      4.67      4.84      4.74      4.64      4.77      
zhangchunhua        1.02      1.02      1.02      1.02      1.02      1.02      1.02      
zhangfei            4.43      4.83      4.54      4.86      4.53      4.72      4.49      
zhanghe             6.98      6.99      6.30      6.66      7.50      8.90      8.59      
zhangjiao           4.34      4.86      6.65      6.68      6.67      4.10      4.46      
zhangliao           8.43      8.83      8.54      8.86      8.53      8.72      8.49      
zhaoyun             5.07      5.13      5.31      5.25      5.22      5.27      5.17      
zhenji              3.21      3.21      3.21      3.21      3.21      3.21      3.21      
zhoutai             4.99      4.99      4.99      4.99      4.99      4.99      4.99      
zhouyu              5.71      5.64      5.05      5.00      5.13      5.82      5.89      
zhugeliang          7.67      7.85      7.70      7.58      7.61      7.63      7.92      
zhurong             5.47      5.74      5.41      5.51      5.53      5.47      5.34      
zoushi              1.02      1.02      1.02      1.02      1.02      1.02      1.02      
zuoci               9.13      9.13      9.13      9.13      9.13      9.13      9.13      
