bgm_caoren          6.33      6.33      6.33      6.33      6.33      6.33      6.33      
bgm_daqiao          5.38      5.38      5.38      5.38      5.38      5.38      5.38      
bgm_diaochan        4.00      4.00      4.00      4.00      4.00      4.00      4.00      
bgm_ganning         3.13      3.13      3.48      3.54      3.66      3.45      3.61      
bgm_liubei          5.26      3.85      3.85      3.85      3.85      3.85      5.52      
bgm_lvmeng          5.83      5.65      5.46      5.65      5.92      5.40      5.15      
bgm_pangtong        7.70      7.70      7.70      7.70      7.70      7.70      7.70      
bgm_xiaohoudun      4.13      4.13      5.84      5.88      5.83      4.13      4.13      
bgm_zhangfei        3.00      3.00      3.00      3.00      3.00      3.00      3.00      
bgm_zhaoyun         6.55      6.84      6.65      6.55      6.32      6.43      6.31      
bulianshi           2.64      2.42      2.13      2.09      2.14      2.34      2.66      
caiwenji            5.47      6.41      6.75      7.00      6.90      6.73      6.46      
caocao              5.13      5.43      5.44      5.11      5.45      5.37      5.42      
caohong             5.65      4.44      3.34      3.27      3.36      4.52      5.18      
caopi               4.90      4.70      4.20      4.00      4.00      4.00      4.00      
caoren              5.31      5.12      5.09      4.98      5.12      5.43      6.11      
caozhang            6.85      5.89      5.89      5.89      5.89      5.89      6.88      
caozhi              5.54      6.32      6.54      6.32      6.34      6.33      6.54      
chengong            4.34      4.86      4.15      4.18      4.97      4.10      4.46      
chengpu             3.89      3.00      3.00      3.00      3.00      3.00      3.94      
chenlin             3.39      4.39      3.39      3.39      3.39      3.39      3.13      
daqiao              4.09      4.84      4.32      4.34      4.46      4.40      4.86      
dengai              8.00      8.00      8.00      8.00      8.00      8.00      8.00      
dianwei             2.11      4.38      5.56      6.74      5.99      4.27      2.40      
diaochan            4.00      4.00      4.00      4.23      4.45      4.78      4.68      
dongzhuo            3.00      3.89      3.64      3.23      3.31      3.34      3.98      
erzhang             4.60      4.04      4.60      4.60      4.60      4.83      4.10      
fazheng             5.77      5.81      5.95      5.59      5.74      5.46      5.38      
ganning             6.16      6.43      6.36      6.22      6.38      6.54      6.82      
gaoshun             3.25      3.40      3.56      3.50      3.36      3.21      4.39      
gongsunzan          5.63      5.75      5.38      5.36      5.57      5.63      5.97      
guanxingzhangbao    3.38      3.89      3.52      3.43      3.52      3.67      3.62      
guanyinping         3.13      3.13      3.13      3.13      3.13      3.13      3.13      
guanyu              3.73      2.19      2.16      2.50      2.22      2.10      3.73      
guojia              6.75      6.75      6.75      6.75      6.75      6.75      6.75      
handang             2.43      2.33      2.09      2.00      2.11      2.27      2.54      
huanggai            2.80      5.13      5.06      5.77      5.18      5.97      2.38      
huangyueying        3.19      3.59      3.28      3.53      3.64      3.07      3.55      
huangzhong          3.44      3.27      3.25      3.96      3.14      3.15      3.15      
huatuo              3.90      3.60      3.93      3.88      3.98      3.31      3.34      
huaxiong            5.98      5.98      5.98      5.98      5.98      5.98      5.98      
jiangwei            4.00      6.10      6.20      5.70      6.20      6.10      4.00      
jiaxu               3.00      4.43      5.56      5.66      5.54      4.32      3.00      
liaohua             5.36      5.26      5.22      5.22      5.22      5.26      5.36      
lingtong            5.97      5.03      5.54      5.36      5.38      5.63      5.92      
liubei              4.98      4.59      3.30      3.66      3.50      4.90      4.59      
liubiao             4.00      6.31      6.54      6.55      6.12      6.12      4.23      
liushan             4.00      4.30      4.00      4.00      4.00      4.30      4.00      
lusu                3.41      3.08      3.35      3.91      3.06      3.96      3.08      
luxun               7.02      7.18      6.84      6.78      6.71      7.16      7.14      
lvbu                3.31      3.19      3.43      3.18      3.44      3.24      3.03      
lvmeng              6.83      6.65      6.46      6.65      6.92      6.40      6.15      
machao              3.44      4.04      5.32      5.23      5.27      4.13      3.93      
madai               1.38      1.40      1.52      1.43      1.52      1.67      1.62      
masu                5.38      5.40      5.52      5.43      5.52      5.67      5.62      
menghuo             6.34      6.34      6.34      6.34      6.34      6.34      6.34      
pangde              4.89      4.63      4.56      4.54      4.61      4.78      4.91      
pangtong            5.44      5.37      5.84      5.83      5.09      5.43      5.48      
shencaocao          8.13      8.42      8.55      8.64      8.42      8.55      8.43      
shenguanyu          6.90      7.23      7.43      7.83      7.12      6.37      6.90      
shenlvbu            7.00      7.00      7.00      7.00      7.00      7.00      7.00      
shenlvmeng          6.83      6.65      6.46      6.65      6.92      6.40      6.15      
shensimayi          7.74      7.63      7.12      7.11      7.21      7.64      7.88      
shenzhaoyun         6.80      6.80      6.80      6.80      6.80      6.80      6.80      
shenzhouyu          6.83      6.65      6.46      6.65      6.92      6.40      6.15      
shenzhugeliang      7.00      7.00      7.00      7.00      7.00      7.00      7.00      
simayi              5.56      5.66      5.74      5.83      5.64      5.23      5.64      
sp_guanyu           4.00      4.00      4.00      4.00      4.00      4.00      6.00      
sunce               5.00      5.04      5.00      5.00      5.00      5.00      5.00      
sunjian             7.28      7.14      7.35      7.78      7.27      7.12      7.39      
sunquan             7.50      7.43      7.14      7.11      7.23      7.89      8.10      
sunshangxiang       3.30      3.24      3.22      3.85      3.89      3.71      3.95      
taishici            5.40      5.36      5.02      5.25      5.27      5.24      5.36      
wangyi              6.34      6.11      6.11      6.11      6.11      6.11      6.55      
weiyan              5.49      5.13      5.60      5.12      5.58      5.43      5.21      
wolong              4.32      4.11      3.73      3.46      3.52      4.15      4.88      
wuguotai            6.33      6.04      6.84      6.33      6.52      6.82      6.45      
xiahoudun           5.80      5.72      5.53      5.66      5.53      5.53      5.53      
xiahouyuan          5.00      5.00      5.00      5.10      5.50      5.80      5.77      
xiaoqiao            4.39      4.15      4.80      4.56      4.97      4.24      4.97      
xuchu               3.00      3.00      3.00      3.00      3.00      3.00      3.00      
xuhuang             3.00      3.00      4.34      4.23      4.00      3.00      3.00      
xunyou              7.12      6.65      5.89      5.68      6.13      6.98      7.84      
xunyu               3.79      3.89      3.71      3.03      3.75      3.79      3.94      
xusheng             5.56      6.21      6.70      6.61      6.02      6.00      5.07      
xushu               5.84      5.25      5.74      5.71      5.71      5.74      5.23      
yangxiu             5.00      5.00      5.00      5.00      5.00      5.00      5.00      
yanliangwenchou     3.94      5.57      5.66      4.76      4.57      4.22      4.18      
yuanshao            6.89      6.32      6.09      6.12      6.00      7.14      7.32      
yuanshu             7.82      7.99      7.78      7.65      7.73      7.81      8.55      
yuji                3.82      3.13      3.13      3.13      3.13      3.13      3.12      
yujin               4.00      5.89      5.89      5.89      5.89      5.89      4.00      
zhangchunhua        5.53      5.26      5.13      5.13      5.13      5.24      5.25      
zhangfei            3.43      3.83      3.54      3.86      3.53      3.72      3.49      
zhanghe             3.00      3.00      3.00      3.00      3.12      3.54      3.83      
zhangjiao           4.62      4.83      4.54      4.53      4.33      4.49      4.45      
zhangliao           3.00      3.00      3.00      3.00      3.00      3.00      3.00      
zhaoyun             5.07      5.13      5.86      5.45      5.82      5.27      5.17      
zhenji              6.21      6.21      6.21      6.21      6.21      6.21      6.21      
zhonghui            7.80      7.80      7.80      7.80      7.80      7.80      7.80      
zhoutai             5.66      5.82      5.83      5.90      5.69      5.53      5.80      
zhouyu              5.71      5.64      5.05      5.00      5.13      5.82      5.89      
zhugejin            7.50      7.50      7.50      7.50      7.50      7.50      7.50      
zhugeliang          6.67      6.85      6.70      6.40      6.61      6.63      6.12      
zhurong             6.12      6.12      6.12      6.12      6.12      6.12      6.12      
zuoci               9.00      9.00      9.00      9.00      9.00      9.00      9.00      
