aysunyang           7.90      7.90      7.90      7.90      7.90      7.90      7.90      
ayyeshiwen          4.50      4.50      4.50      4.50      4.50      4.50      4.50      
bgm_caoren          4.03      5.13      5.31      5.41      5.29      5.21      4.23      
bgm_daqiao          5.38      5.38      5.38      5.38      5.38      5.38      5.38      
bgm_diaochan        3.63      3.75      3.38      3.36      3.57      3.63      3.97      
bgm_ganning         4.13      5.13      5.48      5.54      5.66      5.45      5.61      
bgm_liubei          5.96      5.25      5.25      5.25      5.25      5.25      5.92      
bgm_lvmeng          5.63      5.65      5.66      5.65      5.62      5.60      5.65      
bgm_pangtong        1.70      1.70      1.70      1.70      1.70      1.70      1.70      
bgm_xiaohoudun      6.13      6.13      6.84      6.88      6.83      6.13      6.13      
bgm_zhangfei        4.13      4.13      4.63      4.62      4.63      4.13      4.13      
bgm_zhaoyun         4.83      5.55      5.58      5.56      5.57      5.63      4.87      
bulianshi           6.43      6.83      6.54      6.86      6.53      6.72      6.49      
caiwenji            6.35      6.36      6.43      6.65      6.29      6.63      6.48      
caocao              5.83      5.83      5.84      5.81      5.85      4.87      5.82      
caohong             3.21      3.21      3.21      3.21      3.21      3.21      3.21      
caopi               1.49      1.13      1.60      1.12      1.58      1.43      1.21      
caoren              4.13      4.13      4.38      4.36      4.57      4.63      4.13      
caozhang            6.83      6.85      6.49      6.43      6.44      6.44      6.71      
caozhi              5.13      5.19      6.42      6.12      6.33      5.42      5.02      
chengong            7.52      7.32      6.02      5.02      6.02      7.32      7.52      
chengpu             3.44      4.04      4.32      4.23      4.27      4.13      3.93      
chenlin             4.43      4.83      4.54      4.46      4.53      4.72      4.49      
daqiao              5.62      5.02      5.02      5.02      5.02      5.02      5.62      
dengai              8.01      8.01      8.01      8.01      8.01      8.01      8.01      
dianwei             4.43      4.83      4.54      4.86      4.53      4.72      4.49      
diaochan            7.49      7.32      7.09      7.12      7.00      7.14      7.32      
dingfeng            4.02      4.02      4.02      4.02      4.02      4.02      4.02      
diy_gongsunzan      5.94      5.96      5.95      5.98      5.97      5.90      5.96      
diy_liuxie          4.32      4.32      4.66      4.74      4.83      4.23      4.64      
diy_simazhao        4.13      4.64      4.78      4.81      4.74      4.61      4.24      
diy_wangyuanji      1.34      1.86      1.15      1.18      1.97      1.10      1.46      
dongzhuo            4.32      4.32      5.26      5.24      5.23      4.23      4.64      
erzhang             6.43      6.83      6.54      6.66      6.53      6.72      6.49      
fazheng             4.31      4.29      4.49      4.67      4.43      4.68      4.79      
fuhuanghou          4.12      4.12      4.12      4.12      4.12      4.12      4.12      
fuwan               4.12      4.22      4.32      4.42      4.32      4.42      4.22      
ganfuren            1.02      1.02      1.02      1.02      1.02      1.02      1.02      
ganning             5.83      5.93      5.41      5.53      5.44      5.62      5.39      
gaoshun             4.93      4.84      4.24      4.23      4.22      4.82      4.95      
gongsunzan          4.33      4.43      4.44      4.51      4.45      4.37      4.42      
guanxingzhangbao    5.07      5.13      5.66      5.85      5.62      5.27      5.17      
guanyinping         5.13      5.22      5.20      5.12      5.11      5.09      5.03      
guanyu              3.73      2.19      2.16      2.50      2.22      2.10      3.73      
guojia              5.83      6.54      6.48      6.51      6.64      6.71      4.84      
handang             5.63      5.61      5.61      5.62      5.63      5.64      5.62      
hanxiandi           6.62      6.62      6.62      6.62      6.62      6.62      6.82      
heg_luxun           4.43      4.83      4.54      4.86      4.53      4.72      4.49      
huanggai            2.80      4.53      4.56      4.77      4.18      4.57      2.38      
huangyueying        3.19      3.59      3.28      3.53      3.64      3.07      3.55      
huangzhong          3.44      5.27      5.25      5.16      5.14      5.15      3.15      
huatuo              1.02      1.02      1.02      1.02      1.02      1.02      1.02      
huaxiong            4.38      4.48      4.68      4.88      4.58      4.48      4.28      
jiangwei            4.00      6.40      6.80      6.85      6.74      6.50      4.00      
jiaxu               4.33      4.04      4.84      4.33      4.52      4.82      4.45      
jiben               5.02      5.02      5.02      5.02      5.02      5.02      5.02      
jiling              4.62      4.32      4.62      4.62      4.62      4.32      4.62      
kongrong            1.02      1.02      1.02      1.02      1.02      1.02      1.02      
liaohua             5.61      5.10      5.16      5.40      5.22      5.22      5.74      
lingju              4.02      4.02      4.02      4.02      4.02      4.02      4.02      
lingtong            5.63      5.64      5.78      5.63      5.74      5.67      5.47      
liubei              5.98      5.89      5.30      5.66      5.50      5.90      5.99      
liubiao             4.32      4.32      5.26      5.24      5.23      4.23      4.64      
liushan             4.51      5.08      5.45      5.41      5.56      5.56      5.58      
lusu                1.02      1.02      1.02      1.02      1.02      1.02      1.02      
luxun               7.44      7.27      7.25      7.96      7.14      7.15      7.15      
lvbu                4.13      4.43      4.44      4.11      4.44      4.37      4.42      
lvmeng              4.83      4.65      4.46      4.65      4.92      4.40      4.15      
machao              3.44      4.04      4.32      4.23      4.27      4.13      3.93      
madai               3.00      3.00      3.00      3.00      3.00      3.00      3.00      
masu                5.61      5.10      5.16      5.40      5.22      5.22      5.74      
mateng              5.34      5.86      5.15      5.18      5.97      5.10      5.46      
menghuo             5.73      5.77      5.64      5.73      5.69      5.65      5.73      
mushun              4.02      4.02      4.02      4.02      4.02      4.02      4.02      
neo_caoren          5.70      5.97      5.64      5.72      5.67      5.78      5.74      
neo_gongsunzan      4.08      4.22      4.64      4.78      4.49      4.98      4.30      
neo_guanyu          4.23      4.29      4.26      4.20      4.32      4.20      4.23      
neo_xiahoudun       6.07      6.00      6.02      6.04      6.02      6.00      6.04      
neo_xuchu           4.46      4.00      4.11      4.48      4.23      4.46      4.44      
neo_zhangfei        5.44      5.93      5.64      5.96      5.63      5.82      5.40      
neo_zhaoyun         4.17      4.03      4.06      4.04      4.02      4.07      4.07      
neo_zhoutai         4.26      4.62      4.63      4.70      4.49      4.33      4.60      
neo_zhouyu          4.01      4.94      4.24      4.20      4.23      4.22      4.29      
nos_fazheng          6.67      6.81      6.74      6.39      6.64      6.36      6.38      
nos_handang          4.22      4.14      4.92      4.96      4.12      4.28      4.44      
nos_lingtong         6.08      6.04      6.44      6.47      6.39      6.44      6.43      
nos_xushu            4.44      4.46      4.64      4.72      4.72      4.94      4.72      
nos_zhangchunhua     5.46      5.06      5.16      5.28      5.06      5.16      5.04      
panfeng             4.02      4.02      4.02      4.02      4.02      4.02      4.02      
pangde              4.21      4.21      5.66      5.74      5.83      3.21      3.21      
pangtong            5.84      5.83      5.83      5.81      5.81      5.83      5.61      
shencaocao          7.34      7.86      7.43      7.65      7.29      7.72      7.49      
shenguanyu          8.78      8.69      8.60      8.67      8.67      8.65      8.49      
shenlvbu            8.63      8.54      8.84      8.93      8.82      8.52      8.45      
shenlvmeng          4.35      4.36      4.43      4.65      4.29      4.63      4.48      
shensimayi          7.14      7.14      7.75      7.14      7.24      7.94      7.14      
shenzhaoyun         4.34      4.86      4.15      4.18      4.97      4.10      4.46      
shenzhouyu          6.33      6.24      6.24      6.23      6.22      6.32      6.45      
shenzhugeliang      5.49      5.45      5.40      5.56      5.57      5.54      5.67      
simayi              5.56      5.66      5.74      5.83      5.64      5.23      5.64      
sp_guanyu           3.00      3.00      3.00      3.00      3.00      3.00      3.00      
sunce               4.64      4.64      4.62      4.74      4.69      4.64      4.63      
sunjian             7.34      7.64      7.84      7.84      7.85      7.83      7.02      
sunquan             8.32      8.12      7.85      7.52      7.60      7.89      8.54      
sunshangxiang       1.02      1.02      1.02      1.02      1.02      1.02      1.02      
taishici            6.34      6.26      5.93      5.95      5.99      6.23      6.28      
tianfeng            1.02      1.02      1.02      1.02      1.02      1.02      1.02      
wangyi              4.33      5.71      5.72      5.21      5.71      5.72      4.45      
weiyan              5.49      5.13      5.60      5.12      5.58      5.43      5.21      
wolong              5.93      5.73      5.73      5.73      5.73      5.76      5.91      
wuguotai            6.99      6.95      6.90      6.96      6.97      6.94      6.97      
xiahouba            5.13      6.54      7.48      7.51      7.64      6.51      5.24      
xiahoudun           5.10      5.72      5.53      5.66      5.53      5.53      5.53      
xiahouyuan          5.73      5.73      5.75      5.68      5.97      5.79      5.76      
xiaoqiao            7.73      7.19      7.16      7.50      7.22      7.10      7.73      
xuchu               4.13      4.13      4.84      4.88      4.83      4.13      4.13      
xuhuang             3.83      3.54      5.78      5.71      5.74      3.83      3.54      
xunyou              5.44      5.37      5.64      5.63      5.09      5.43      5.48      
xunyu               7.43      7.83      7.54      7.86      7.53      7.72      7.49      
xusheng             4.43      4.45      5.53      5.42      5.48      4.12      4.22      
xushu               4.51      4.18      4.55      4.51      4.59      4.26      4.18      
yangxiu             3.21      3.21      3.21      3.21      3.21      3.21      3.21      
yanliangwenchou     5.64      5.66      5.53      5.65      5.59      5.52      5.63      
yuanshao            6.94      6.94      6.94      6.94      6.94      6.94      6.94      
yuanshu             8.99      8.99      8.99      8.99      8.99      8.99      8.99      
yuejin              5.07      5.13      5.16      5.15      5.82      5.27      5.17      
yuji                1.02      1.02      1.02      1.02      1.02      1.02      1.02      
yujin               4.63      4.60      4.67      4.84      4.74      4.64      4.77      
zhangchunhua        1.02      1.02      1.02      1.02      1.02      1.02      1.02      
zhangfei            4.43      4.83      4.54      4.86      4.53      4.72      4.49      
zhanghe             7.98      6.99      6.30      6.66      7.50      7.90      7.59      
zhangjiao           4.34      4.86      4.15      4.18      4.97      4.10      4.46      
zhangliao           6.43      6.83      6.54      6.86      6.53      6.72      6.49      
zhaoyun             4.07      4.13      4.31      4.25      4.22      4.27      4.17      
zhenji              5.21      5.21      5.21      3.21      5.21      5.21      5.21      
zhonghui            8.13      8.13      8.38      8.36      8.57      8.63      8.13      
zhoutai             4.99      4.99      4.99      4.99      4.99      4.99      4.99      
zhouyu              4.71      4.64      4.05      4.00      4.13      4.82      4.89      
zhugeliang          7.67      7.85      7.70      7.58      7.61      7.63      7.82      
zhurong             5.47      5.74      5.71      5.71      5.73      5.77      5.34      
zoushi              1.02      1.02      1.02      1.02      1.02      1.02      1.02      
zuoci               9.13      9.13      9.13      9.13      9.13      9.13      9.13      
