aysunyang           7.00      7.00      7.00      7.00      7.00      7.00      7.00      
ayyeshiwen          4.50      4.50      4.50      4.50      4.50      4.50      4.50      
bgm_caoren          5.03      5.13      6.31      6.41      6.29      5.21      4.23      
bgm_daqiao          5.38      5.38      5.38      5.38      5.38      5.38      5.38      
bgm_diaochan        3.63      3.75      3.38      3.36      3.57      3.63      3.97      
bgm_ganning         4.13      5.13      5.48      5.54      5.66      6.45      6.61      
bgm_liubei          3.56      3.85      3.85      3.85      3.85      3.85      3.82      
bgm_lvmeng          7.83      7.65      7.46      7.65      7.92      7.40      7.15      
bgm_pangtong        1.70      1.70      1.70      1.70      1.70      1.70      1.70      
bgm_xiaohoudun      4.13      4.13      5.84      5.88      5.83      4.13      4.13      
bgm_zhangfei        4.13      4.13      5.63      5.62      5.63      4.13      4.13      
bgm_zhaoyun         4.83      6.75      6.38      6.36      6.57      6.63      4.87      
bulianshi           3.43      3.83      3.54      3.86      3.53      3.72      3.49      
caiwenji            5.35      5.36      5.43      5.65      5.29      5.63      5.48      
caocao              4.13      5.43      4.44      4.11      5.45      4.37      4.42      
caohong             3.21      3.21      3.21      3.21      3.21      3.21      3.21      
caopi               5.49      5.13      5.60      5.12      5.58      5.43      5.21      
caoren              4.13      4.13      4.38      4.36      4.57      4.63      4.13      
caozhang            6.33      5.95      5.79      5.63      5.74      5.94      6.21      
caozhi              5.13      6.19      7.42      7.12      7.33      6.42      5.02      
chengong            1.02      1.02      1.02      1.02      1.02      1.02      1.02      
chengpu             3.44      4.04      4.32      4.23      4.27      4.13      3.93      
chenlin             3.43      3.83      3.54      3.86      3.53      3.72      3.49      
daqiao              1.02      1.02      1.02      1.02      1.02      1.02      1.02      
dengai              6.01      6.01      6.01      6.01      6.01      6.01      6.01      
dianwei             4.43      4.83      4.54      4.86      4.53      4.72      4.49      
diaochan            6.89      6.32      6.09      6.12      6.00      7.14      7.32      
dingfeng            5.02      5.02      5.02      5.02      5.02      5.02      5.02      
diy_gongsunzan      5.34      5.86      5.15      5.18      5.97      5.10      5.46      
diy_liuxie          4.32      4.32      5.66      5.74      5.83      4.23      4.64      
diy_simazhao        5.13      5.54      5.48      5.51      5.64      5.51      5.24      
diy_wangyuanji      4.34      4.86      4.15      4.18      4.97      4.10      4.46      
dongzhuo            4.32      4.32      5.66      5.74      5.83      4.23      4.64      
erzhang             3.43      3.83      3.54      3.86      3.53      3.72      3.49      
fazheng             5.31      5.29      5.49      5.67      5.43      5.68      5.79      
fuhuanghou          1.02      1.02      1.02      1.02      1.02      1.02      1.02      
fuwan               5.12      5.22      5.32      5.42      5.32      5.42      5.22      
ganfuren            1.02      1.02      1.02      1.02      1.02      1.02      1.02      
ganning             5.83      5.93      5.41      5.53      5.44      5.62      5.39      
gaoshun             5.33      5.24      5.24      5.23      5.22      5.32      5.45      
gongsunzan          5.33      5.43      5.44      5.51      5.45      5.37      5.42      
guanxingzhangbao    5.07      5.13      5.86      5.45      5.82      5.27      5.17      
guanyinping         5.13      5.22      5.20      5.12      5.11      5.09      5.03      
guanyu              3.73      2.19      2.16      2.50      2.22      2.10      3.73      
guojia              5.83      5.54      6.48      6.51      6.64      5.71      5.84      
handang             5.53      5.31      5.21      5.12      5.23      5.34      5.52      
hanxiandi           1.02      1.02      1.02      1.02      1.02      1.02      1.02      
heg_luxun           3.43      3.83      3.54      3.86      3.53      3.72      3.49      
huanggai            2.80      4.13      4.06      5.77      4.18      4.97      2.38      
huangyueying        3.19      3.59      3.28      3.53      3.64      3.07      3.55      
huangzhong          3.44      3.27      3.25      3.96      3.14      3.15      3.15      
huatuo              1.02      1.02      1.02      1.02      1.02      1.02      1.02      
huaxiong            4.38      4.48      4.68      4.88      4.58      4.48      4.28      
jiangwei            4.00      6.40      6.80      6.85      6.74      6.50      4.00      
jiaxu               6.33      6.04      6.84      6.33      6.52      6.82      6.45      
jiben               1.02      1.02      1.02      1.02      1.02      1.02      1.02      
jiling              5.02      5.32      5.62      5.62      5.62      5.32      5.02      
kongrong            1.02      1.02      1.02      1.02      1.02      1.02      1.02      
liaohua             4.61      4.10      4.16      4.50      4.22      4.22      4.74      
lingju              8.02      8.02      8.02      8.02      8.02      8.02      8.02      
lingtong            5.73      5.84      5.78      5.63      5.74      5.87      5.77      
liubei              4.98      4.59      3.30      3.66      3.50      4.90      4.59      
liubiao             4.32      4.32      5.66      5.74      5.83      4.23      4.64      
liushan             3.41      3.08      3.35      3.21      3.06      3.96      3.08      
lusu                1.02      1.02      1.02      1.02      1.02      1.02      1.02      
luxun               3.44      3.27      3.25      3.96      3.14      3.15      3.15      
lvbu                4.13      4.43      4.44      4.11      4.45      4.37      4.42      
lvmeng              4.83      4.65      4.46      4.65      4.92      4.40      4.15      
machao              3.44      4.04      4.32      4.23      4.27      4.13      3.93      
madai               3.00      3.00      3.00      3.00      3.00      3.00      3.00      
masu                4.61      4.10      4.16      4.50      4.22      4.22      4.74      
mateng              4.34      4.86      4.15      4.18      4.97      4.10      4.46      
menghuo             5.13      5.37      5.64      5.73      5.69      5.65      5.13      
mushun              5.02      5.02      5.02      5.02      5.02      5.02      5.02      
neo_caoren          4.10      4.97      4.64      5.02      4.67      4.98      4.85      
neo_gongsunzan      5.08      5.22      4.64      4.78      4.59      4.98      4.30      
neo_guanyu          4.83      4.29      4.26      5.60      4.32      4.20      4.83      
neo_xiahoudun       4.07      4.80      4.02      4.84      4.82      4.40      4.05      
neo_xuchu           2.46      4.00      4.11      4.88      4.23      4.46      3.75      
neo_zhangfei        2.44      2.93      3.64      2.96      3.63      2.82      2.50      
neo_zhaoyun         5.17      5.03      5.06      5.05      5.02      5.07      5.07      
neo_zhoutai         5.26      5.62      5.63      5.70      5.49      5.33      5.60      
neo_zhouyu          6.01      5.94      6.45      6.40      6.53      6.42      6.49      
nos_fazheng          5.67      5.81      5.75      5.39      5.64      5.36      5.38      
nos_handang          5.22      5.15      5.92      5.96      5.12      5.28      5.45      
nos_lingtong         5.08      5.24      5.25      5.27      5.29      5.24      5.03      
nos_xushu            2.55      2.56      2.65      2.72      2.72      2.95      2.72      
nos_zhangchunhua     5.56      5.06      5.16      5.28      5.06      5.16      5.04      
panfeng             5.02      5.02      5.02      5.02      5.02      5.02      5.02      
pangde              4.21      4.21      5.66      5.74      5.83      3.21      3.21      
pangtong            5.54      5.63      5.43      5.21      5.21      5.63      5.61      
shencaocao          4.34      4.86      5.43      5.65      5.29      3.72      3.49      
shenguanyu          5.78      5.69      5.60      5.67      5.67      5.65      5.49      
shenlvbu            5.63      5.54      5.84      5.93      5.82      5.52      5.45      
shenlvmeng          5.35      5.36      5.43      5.65      5.29      5.63      5.48      
shensimayi          8.14      8.14      7.75      8.14      8.24      7.94      8.14      
shenzhaoyun         4.34      4.86      4.15      4.18      4.97      4.10      4.46      
shenzhouyu          6.33      6.24      6.24      6.23      6.22      6.32      6.45      
shenzhugeliang      5.49      5.45      5.40      5.56      5.57      5.54      5.67      
simayi              5.56      5.66      5.74      5.83      5.64      5.23      5.64      
sp_guanyu           3.00      3.00      3.00      3.00      3.00      3.00      3.00      
sunce               5.14      5.34      5.62      5.74      5.49      5.55      5.43      
sunjian             5.34      5.64      5.84      5.84      5.85      5.83      5.02      
sunquan             8.32      8.12      7.85      7.52      7.60      7.89      8.54      
sunshangxiang       1.02      1.02      1.02      1.02      1.02      1.02      1.02      
taishici            5.34      5.26      5.43      5.65      5.29      5.23      5.28      
tianfeng            1.02      1.02      1.02      1.02      1.02      1.02      1.02      
wangyi              4.33      5.71      5.72      5.21      5.71      5.72      4.45      
weiyan              5.49      5.13      5.60      5.12      5.58      5.43      5.21      
wolong              5.43      5.43      5.43      5.43      5.43      5.56      5.51      
wuguotai            4.39      4.15      4.80      4.56      4.97      4.24      4.97      
xiahouba            5.13      5.54      5.48      5.51      5.64      5.51      5.24      
xiahoudun           5.80      5.72      5.53      5.66      5.53      5.53      5.53      
xiahouyuan          5.43      5.13      4.15      4.18      4.97      5.09      5.56      
xiaoqiao            3.73      2.19      2.16      2.50      2.22      2.10      3.73      
xuchu               4.13      4.13      5.84      5.88      5.83      4.13      4.13      
xuhuang             3.83      3.54      5.48      5.51      5.64      3.83      3.54      
xunyou              5.44      5.37      5.84      5.83      5.09      5.43      5.48      
xunyu               3.43      3.83      3.54      3.86      3.53      3.72      3.49      
xusheng             5.43      5.45      5.53      5.42      5.48      4.12      4.22      
xushu               3.51      3.18      3.25      3.31      3.16      3.26      3.18      
yangxiu             3.21      3.21      3.21      3.21      3.21      3.21      3.21      
yanliangwenchou     5.34      5.26      5.43      5.65      5.29      5.72      5.23      
yuanshao            7.94      7.94      7.94      7.94      7.94      7.94      7.94      
yuanshu             8.99      8.99      8.99      8.99      8.99      8.99      8.99      
yuejin              5.07      5.13      5.86      5.45      5.82      5.27      5.17      
yuji                1.02      1.02      1.02      1.02      1.02      1.02      1.02      
yujin               4.63      4.60      4.67      4.84      4.74      4.64      4.77      
zhangchunhua        1.02      1.02      1.02      1.02      1.02      1.02      1.02      
zhangfei            4.43      4.83      4.54      4.86      4.53      4.72      4.49      
zhanghe             4.98      4.99      4.30      4.66      4.50      4.90      4.59      
zhangjiao           4.34      4.86      4.15      4.18      4.97      4.10      4.46      
zhangliao           3.43      3.83      3.54      3.86      3.53      3.72      3.49      
zhaoyun             5.07      5.13      5.31      5.25      5.22      5.27      5.17      
zhenji              3.21      3.21      3.21      3.21      3.21      3.21      3.21      
zhonghui            4.13      5.13      6.38      6.36      6.57      5.63      4.13      
zhoutai             4.99      4.99      4.99      4.99      4.99      4.99      4.99      
zhouyu              5.71      5.64      5.05      5.00      5.13      5.82      5.89      
zhugeliang          7.67      7.85      7.70      7.58      7.61      7.63      7.12      
zhurong             6.47      6.74      6.41      6.51      6.53      6.47      6.34      
zoushi              1.02      1.02      1.02      1.02      1.02      1.02      1.02      
zuoci               9.13      9.13      9.13      9.13      9.13      9.13      9.13      
