aysunyang           7.90      7.90      7.90      7.90      7.90      7.90      7.90      
ayyeshiwen          4.50      4.50      4.50      4.50      4.50      4.50      4.50      
bgm_caoren          5.03      5.13      5.31      5.41      5.29      5.21      4.23      
bgm_daqiao          5.38      5.38      5.38      5.38      5.38      5.38      5.38      
bgm_diaochan        3.63      3.75      5.38      5.36      5.57      3.63      3.97      
bgm_ganning         3.13      3.13      3.48      3.54      3.66      3.45      3.61      
bgm_liubei          5.56      5.85      5.85      5.85      5.85      5.85      5.72      
bgm_lvmeng          6.33      6.35      6.36      6.35      6.32      6.30      6.35      
bgm_pangtong        1.70      1.70      1.70      1.70      1.70      1.70      1.70      
bgm_xiaohoudun      4.13      4.13      5.84      5.88      5.83      4.13      4.13      
bgm_zhangfei        4.13      4.13      5.63      5.62      5.63      4.13      4.13      
bgm_zhaoyun         4.83      5.55      5.58      5.56      5.57      5.63      4.87      
bulianshi           7.43      7.83      7.54      7.86      7.53      7.72      7.49      
caiwenji            5.35      5.36      5.43      5.65      5.29      5.63      5.48      
caocao              4.53      4.53      4.54      4.51      4.55      4.37      4.42      
caohong             3.21      3.21      3.21      3.21      3.21      3.21      3.21      
caopi               5.49      5.13      5.60      5.12      5.58      5.43      5.21      
caoren              4.13      4.13      6.38      6.36      6.57      6.63      4.13      
caozhang            5.83      5.45      5.49      5.43      5.44      5.44      5.71      
caozhi              5.13      6.19      7.42      7.12      7.33      6.42      5.02      
chengong            7.52      7.32      6.02      5.02      6.02      7.32      7.52      
chengpu             3.44      4.04      4.32      4.23      4.27      4.13      3.93      
chenlin             6.43      6.83      5.54      5.46      5.53      6.72      6.49      
daqiao              1.02      1.02      1.02      1.02      1.02      1.02      1.02      
dengai              4.01      4.01      4.01      4.01      4.01      4.01      4.01      
dianwei             4.43      4.83      4.54      4.86      4.53      4.72      4.49      
diaochan            7.49      7.32      7.09      7.12      7.00      7.14      7.32      
dingfeng            5.02      6.02      6.02      6.02      6.02      6.02      5.02      
diy_gongsunzan      5.94      5.96      5.95      5.98      5.97      5.90      5.96      
diy_liuxie          4.32      4.32      5.66      5.74      5.83      4.23      4.64      
diy_simazhao        5.13      5.64      5.78      5.81      5.74      5.61      5.24      
diy_wangyuanji      4.34      4.86      5.15      5.18      5.97      4.10      4.46      
dongzhuo            4.32      4.32      5.66      5.74      5.83      4.23      4.64      
erzhang             7.43      7.83      6.54      6.66      6.53      7.72      7.49      
fazheng             4.31      4.29      4.49      4.67      4.43      4.68      4.79      
fuhuanghou          5.12      5.12      5.12      5.12      5.12      5.12      5.12      
fuwan               5.12      5.22      5.32      5.42      5.32      5.42      5.22      
ganfuren            1.02      1.02      1.02      1.02      1.02      1.02      1.02      
ganning             5.83      5.93      5.41      5.53      5.44      5.62      5.39      
gaoshun             5.93      5.84      5.24      5.23      5.22      5.82      5.95      
gongsunzan          5.33      5.43      5.44      5.51      5.45      5.37      5.42      
guanxingzhangbao    5.07      5.13      5.66      5.85      5.62      5.27      5.17      
guanyinping         5.13      5.22      5.20      5.12      5.11      5.09      5.03      
guanyu              3.73      2.19      2.16      2.50      2.22      2.10      3.73      
guojia              4.83      4.54      5.48      5.51      5.64      4.71      4.84      
handang             5.93      5.91      5.91      5.92      5.93      5.94      5.92      
hanxiandi           6.82      6.82      6.62      6.52      6.52      6.62      6.82      
heg_luxun           7.43      6.83      6.54      6.86      6.53      6.72      7.49      
huanggai            2.80      5.53      5.56      5.77      5.18      5.57      2.38      
huangyueying        3.19      3.59      3.28      3.53      3.64      3.07      3.55      
huangzhong          3.44      5.27      5.25      5.96      5.14      5.15      3.15      
huatuo              1.02      1.02      1.02      1.02      1.02      1.02      1.02      
huaxiong            4.38      4.48      4.68      4.88      4.58      4.48      4.28      
jiangwei            4.00      6.40      6.80      7.85      6.74      6.50      4.00      
jiaxu               4.33      4.04      4.84      4.33      4.52      4.82      4.45      
jiben               5.02      5.02      5.02      5.02      5.02      5.02      5.02      
jiling              5.62      5.32      5.62      5.62      5.62      5.32      5.62      
kongrong            1.02      1.02      1.02      1.02      1.02      1.02      1.02      
liaohua             5.61      5.10      2.16      2.50      2.22      5.22      5.74      
lingju              4.02      4.02      4.02      4.02      4.02      4.02      4.02      
lingtong            5.43      5.64      5.78      5.63      5.74      5.67      5.47      
liubei              6.98      6.89      6.30      6.66      6.50      6.90      6.99      
liubiao             4.32      4.32      5.66      5.74      5.83      4.23      4.64      
liushan             6.41      6.08      5.45      5.41      5.56      5.96      6.08      
lusu                8.02      8.02      8.02      8.02      8.02      8.02      8.02      
luxun               3.44      3.27      3.25      3.96      3.14      3.15      3.15      
lvbu                4.13      4.43      4.44      4.11      4.45      4.37      4.42      
lvmeng              4.83      4.65      4.46      4.65      4.92      4.40      4.15      
machao              3.44      4.04      4.32      4.23      4.27      4.13      3.93      
madai               3.00      3.00      3.00      3.00      3.00      3.00      3.00      
masu                5.61      5.10      2.16      2.50      2.22      5.22      5.74      
mateng              5.34      5.86      5.15      5.18      5.97      5.10      5.46      
menghuo             4.13      4.37      4.64      4.73      4.69      4.65      4.13      
mushun              5.02      5.02      5.02      5.02      5.02      5.02      5.02      
neo_caoren          4.10      4.97      4.64      5.02      4.67      4.98      4.85      
neo_gongsunzan      5.08      5.22      4.64      4.78      4.59      4.98      4.30      
neo_guanyu          5.23      5.29      5.26      5.20      5.32      5.20      5.23      
neo_xiahoudun       4.07      4.80      4.02      4.84      4.82      4.40      4.05      
neo_xuchu           5.46      5.00      5.11      5.48      5.23      5.46      5.45      
neo_zhangfei        2.44      2.93      3.64      2.96      3.63      2.82      2.50      
neo_zhaoyun         5.17      5.03      5.06      5.05      5.02      5.07      5.07      
neo_zhoutai         5.26      5.62      5.63      5.70      5.49      5.33      5.60      
neo_zhouyu          6.01      5.94      6.25      6.20      6.23      6.22      6.29      
nos_fazheng          4.67      4.81      4.75      4.39      4.64      4.36      4.38      
nos_handang          4.22      4.15      4.92      4.96      4.12      4.28      4.45      
nos_lingtong         5.08      5.04      5.55      5.47      5.39      5.44      5.43      
nos_xushu            6.55      6.56      6.65      6.72      6.72      6.95      6.72      
nos_zhangchunhua     4.56      4.06      4.16      4.28      4.06      4.16      4.04      
panfeng             4.02      4.02      4.02      4.02      4.02      4.02      4.02      
pangde              4.21      4.21      5.66      5.74      5.83      3.21      3.21      
pangtong            5.84      5.83      5.83      5.81      5.81      5.83      5.61      
shencaocao          4.34      4.86      5.43      5.65      5.29      3.72      3.49      
shenguanyu          5.78      5.69      5.60      5.67      5.67      5.65      5.49      
shenlvbu            4.63      4.54      4.84      4.93      4.82      4.52      4.45      
shenlvmeng          6.35      6.36      6.43      6.65      6.29      6.63      6.48      
shensimayi          8.14      8.14      8.75      8.14      8.24      7.94      8.14      
shenzhaoyun         6.34      6.86      6.15      6.18      6.97      6.10      6.46      
shenzhouyu          6.33      6.24      6.24      6.23      6.22      6.32      6.45      
shenzhugeliang      5.49      5.45      5.40      5.56      5.57      5.54      5.67      
simayi              5.56      5.66      5.74      5.83      5.64      5.23      5.64      
sp_guanyu           3.00      3.00      3.00      3.00      3.00      3.00      3.00      
sunce               4.64      4.64      4.62      4.74      4.69      4.65      4.63      
sunjian             5.34      5.64      5.84      5.84      5.85      5.83      5.02      
sunquan             8.32      8.12      7.85      7.52      7.60      7.89      8.54      
sunshangxiang       6.02      6.02      6.02      6.02      6.02      6.02      6.02      
taishici            6.34      6.26      5.83      5.85      5.89      6.23      6.28      
tianfeng            1.02      1.02      1.02      1.02      1.02      1.02      1.02      
wangyi              4.33      5.71      5.72      5.21      5.71      5.72      4.45      
weiyan              4.49      4.13      4.60      4.12      4.58      4.43      4.21      
wolong              5.93      5.73      5.73      5.73      5.73      5.76      5.91      
wuguotai            5.99      6.85      6.80      6.56      6.87      6.24      5.97      
xiahouba            5.13      5.54      6.48      6.51      6.64      5.51      5.24      
xiahoudun           4.10      4.72      4.53      4.66      4.53      4.53      4.53      
xiahouyuan          5.73      5.73      4.15      4.18      4.97      5.79      5.76      
xiaoqiao            3.73      2.19      2.16      2.50      2.22      2.10      3.73      
xuchu               4.13      4.13      5.84      5.88      5.83      4.13      4.13      
xuhuang             3.83      3.54      5.78      5.71      5.74      3.83      3.54      
xunyou              6.44      6.37      6.64      6.63      6.09      6.43      6.48      
xunyu               8.43      8.83      8.54      8.86      8.53      8.72      8.49      
xusheng             4.43      4.45      5.53      5.42      5.48      4.12      4.22      
xushu               6.51      6.18      5.55      5.51      5.59      6.26      6.18      
yangxiu             3.21      3.21      3.21      3.21      3.21      3.21      3.21      
yanliangwenchou     5.64      5.66      5.53      5.65      5.59      5.52      5.63      
yuanshao            7.94      7.94      7.94      7.94      7.94      7.94      7.94      
yuanshu             8.99      8.99      8.99      8.99      8.99      8.99      8.99      
yuejin              7.07      7.13      6.16      5.45      6.82      7.27      7.17      
yuji                1.02      1.02      1.02      1.02      1.02      1.02      1.02      
yujin               4.63      4.60      4.67      4.84      4.74      4.64      4.77      
zhangchunhua        1.02      1.02      1.02      1.02      1.02      1.02      1.02      
zhangfei            4.43      4.83      4.54      4.86      4.53      4.72      4.49      
zhanghe             7.98      6.99      6.30      6.66      7.50      7.90      7.59      
zhangjiao           4.34      4.86      4.15      4.18      4.97      4.10      4.46      
zhangliao           7.43      7.83      7.54      7.86      7.53      7.72      7.49      
zhaoyun             4.07      4.13      5.31      5.25      5.22      4.27      4.17      
zhenji              5.21      5.21      5.21      3.21      5.21      5.21      5.21      
zhonghui            4.13      5.13      5.38      5.36      5.57      5.63      4.13      
zhoutai             4.99      4.99      4.99      4.99      4.99      4.99      4.99      
zhouyu              5.71      5.64      5.05      5.00      5.13      5.82      5.89      
zhugeliang          7.67      7.85      7.70      7.58      7.61      7.63      7.82      
zhurong             5.47      5.74      5.71      5.71      5.73      5.77      5.34      
zoushi              1.02      1.02      1.02      1.02      1.02      1.02      1.02      
zuoci               9.13      9.13      9.13      9.13      9.13      9.13      9.13      
